Li    -1.337689    -1.955082    -1.723298
N     -0.082009     1.095809    -0.363106
S     -1.654578     0.848742    -0.235362
S      0.949627     0.236349    -1.224772
O      0.468653    -1.068449    -1.701283
C      1.116129     1.256263    -2.805242
O      2.261782     0.285528    -0.610646
O     -2.368940     2.110161    -0.231744
O     -2.202361    -0.240233    -1.056442
F      1.998149     0.656727    -3.628668
F     -0.074149     1.344905    -3.432655
F      1.554575     2.495218    -2.523234
C     -1.803434     0.205969     1.534294
F     -3.103610    -0.017708     1.809687
F     -1.125740    -0.951706     1.673307
F     -1.319402     1.103506     2.409165
