Li    -1.417118    -1.819033    -2.042850
N     -0.150337     1.114873    -0.422566
S     -1.700434     0.804984    -0.220326
S      0.915299     0.234437    -1.217550
O      0.440306    -1.069183    -1.706357
C      1.155725     1.241929    -2.795928
O      2.201062     0.270897    -0.551155
O     -2.471160     2.031368    -0.249241
O     -2.230532    -0.347541    -0.965390
F      2.074442     0.632069    -3.570700
F     -0.004586     1.321304    -3.480818
F      1.579739     2.483262    -2.509397
C     -1.761174     0.234627     1.577895
F     -3.037326    -0.049039     1.905447
F     -1.013644    -0.875611     1.743425
F     -1.303261     1.196656     2.395510
