Li    -1.349110    -1.966949    -1.722829
N     -0.088391     1.108510    -0.369980
S     -1.659750     0.854237    -0.234233
S      0.946944     0.242550    -1.222143
O      0.472926    -1.066517    -1.689389
C      1.117475     1.251661    -2.808946
O      2.257646     0.303281    -0.603832
O     -2.373084     2.117136    -0.215396
O     -2.212396    -0.226862    -1.060015
F      2.006712     0.649491    -3.622808
F     -0.068881     1.332342    -3.443766
F      1.550805     2.494892    -2.533798
C     -1.798200     0.200035     1.532063
F     -3.096395    -0.029553     1.812268
F     -1.114991    -0.954381     1.662670
F     -1.314311     1.096124     2.410133
