Li    -1.421226    -1.829482    -2.047396
N     -0.150702     1.119436    -0.422424
S     -1.700678     0.806967    -0.220455
S      0.915166     0.236949    -1.215577
O      0.441756    -1.068150    -1.699751
C      1.155368     1.240727    -2.796362
O      2.201216     0.277891    -0.549146
O     -2.471103     2.034065    -0.245076
O     -2.230711    -0.343034    -0.968129
F      2.073430     0.628477    -3.570182
F     -0.004754     1.320256    -3.481026
F      1.581124     2.482496    -2.512573
C     -1.760447     0.233239     1.576767
F     -3.036536    -0.050346     1.904901
F     -1.013224    -0.877351     1.740313
F     -1.301678     1.193858     2.396117
