Li    -1.341519    -1.960751    -1.723474
N     -0.083940     1.099859    -0.365000
S     -1.656302     0.850688    -0.235130
S      0.949069     0.238465    -1.223699
O      0.471233    -1.067853    -1.697219
C      1.116828     1.255056    -2.806113
O      2.260753     0.292347    -0.608000
O     -2.369518     2.113201    -0.225490
O     -2.206149    -0.234558    -1.058651
F      2.001960     0.655273    -3.626089
F     -0.071897     1.340544    -3.436447
F      1.552839     2.495744    -2.526108
C     -1.802405     0.203291     1.533074
F     -3.102171    -0.021527     1.809676
F     -1.123651    -0.953648     1.669139
F     -1.318132     1.099866     2.409531
