Li    -1.353149    -1.967043    -1.724338
N     -0.089864     1.110227    -0.371354
S     -1.661181     0.855900    -0.234649
S      0.945845     0.242399    -1.221330
O      0.471257    -1.066140    -1.688940
C      1.120537     1.250941    -2.808002
O      2.255648     0.302084    -0.600766
O     -2.373536     2.119422    -0.213138
O     -2.215223    -0.223408    -1.061578
F      2.010714     0.647481    -3.619911
F     -0.064357     1.333015    -3.445221
F      1.554961     2.493781    -2.532330
C     -1.798604     0.199177     1.530774
F     -3.096632    -0.030644     1.811577
F     -1.115310    -0.955326     1.659356
F     -1.314108     1.094131     2.409850
