Li    -1.346108    -1.962097    -1.723498
N     -0.084746     1.102255    -0.366677
S     -1.657010     0.852958    -0.234272
S      0.947888     0.238594    -1.223788
O      0.469900    -1.068021    -1.695440
C      1.117083     1.252873    -2.807488
O      2.259522     0.293283    -0.607645
O     -2.368844     2.116420    -0.220934
O     -2.209347    -0.230118    -1.058522
F      2.002330     0.651285    -3.626054
F     -0.071071     1.338538    -3.438665
F      1.554046     2.493754    -2.529027
C     -1.800452     0.203109     1.533243
F     -3.099938    -0.020697     1.812035
F     -1.122483    -0.954423     1.666618
F     -1.313769     1.098285     2.410114
