Li    -1.353067    -1.967386    -1.724185
N     -0.090091     1.110557    -0.371545
S     -1.661340     0.855853    -0.234717
S      0.945846     0.242662    -1.221200
O      0.471574    -1.066076    -1.688509
C      1.120512     1.250870    -2.808087
O      2.255588     0.302799    -0.600520
O     -2.373921     2.119260    -0.213135
O     -2.215236    -0.223530    -1.061613
F      2.010939     0.647422    -3.619736
F     -0.064306     1.332541    -3.445485
F      1.554634     2.493880    -2.532652
C     -1.798521     0.199117     1.530720
F     -3.096459    -0.031208     1.811527
F     -1.114753    -0.955084     1.659363
F     -1.314398     1.094321     2.409772
