Li    -1.346723    -1.964038    -1.723762
N     -0.086205     1.104113    -0.367602
S     -1.658226     0.853108    -0.234823
S      0.947766     0.239920    -1.222800
O      0.471405    -1.067358    -1.693675
C      1.118266     1.253034    -2.807086
O      2.258771     0.296492    -0.605205
O     -2.370584     2.116390    -0.219866
O     -2.210279    -0.229235    -1.059903
F      2.005503     0.651683    -3.623693
F     -0.068873     1.337057    -3.440248
F      1.553627     2.494693    -2.529025
C     -1.800809     0.201720     1.532190
F     -3.099981    -0.024245     1.810751
F     -1.120952    -0.954635     1.665006
F     -1.315703     1.097298     2.409740
