Li    -1.352316    -1.966915    -1.724155
N     -0.089466     1.109573    -0.370955
S     -1.660855     0.855549    -0.234705
S      0.946111     0.242163    -1.221461
O      0.471470    -1.066321    -1.689312
C      1.120230     1.251098    -2.807953
O      2.256052     0.301712    -0.601241
O     -2.373251     2.119032    -0.214006
O     -2.214622    -0.224155    -1.061371
F      2.010155     0.647905    -3.620326
F     -0.064919     1.333206    -3.444736
F      1.554619     2.493887    -2.532125
C     -1.798875     0.199552     1.530945
F     -3.097029    -0.029888     1.811466
F     -1.115897    -0.955096     1.660141
F     -1.314405     1.094697     2.409791
