Li    -1.352206    -1.966972    -1.723036
N     -0.088430     1.108070    -0.370881
S     -1.660075     0.855665    -0.234829
S      0.946199     0.240305    -1.222013
O      0.470416    -1.067910    -1.689717
C      1.119871     1.249123    -2.808636
O      2.256501     0.298829    -0.602588
O     -2.371814     2.119507    -0.216838
O     -2.214210    -0.225388    -1.059625
F      2.008440     0.645137    -3.621893
F     -0.065847     1.332302    -3.444294
F      1.555611     2.491456    -2.533146
C     -1.799002     0.203111     1.532030
F     -3.097470    -0.024171     1.812850
F     -1.117561    -0.952243     1.663379
F     -1.313423     1.099178     2.409236
