Li    -1.362542    -1.795054    -1.896173
N     -0.206461     1.064803    -0.487138
S     -1.742830     0.748867    -0.230921
S      0.872543     0.205624    -1.277640
O      0.363562    -1.045882    -1.882610
C      1.204344     1.293853    -2.782741
O      2.127602     0.129033    -0.566666
O     -2.550228     1.942770    -0.322007
O     -2.260705    -0.469083    -0.895410
F      2.118761     0.687648    -3.563369
F      0.069143     1.461101    -3.493163
F      1.669507     2.492119    -2.406210
C     -1.749862     0.267118     1.593778
F     -3.014306     0.002020     1.972051
F     -0.999248    -0.840184     1.780948
F     -1.262279     1.261245     2.347269
