Li    -1.344526    -1.962462    -1.723022
N     -0.084697     1.102102    -0.366443
S     -1.656878     0.852215    -0.234399
S      0.948283     0.239052    -1.223742
O      0.470957    -1.067937    -1.695149
C      1.116396     1.253296    -2.807594
O      2.260008     0.294567    -0.607921
O     -2.369453     2.115242    -0.221924
O     -2.208355    -0.231586    -1.058327
F      2.001900     0.652308    -3.626316
F     -0.071990     1.337978    -3.438499
F      1.552454     2.494520    -2.529343
C     -1.800527     0.203104     1.533375
F     -3.099949    -0.021623     1.811718
F     -1.121702    -0.953846     1.667589
F     -1.314919     1.099069     2.409995
