Li    -1.340850    -1.959405    -1.723438
N     -0.083342     1.098775    -0.364515
S     -1.655810     0.850385    -0.235127
S      0.949160     0.237743    -1.224034
O      0.470397    -1.068127    -1.698291
C      1.116669     1.255155    -2.805960
O      2.261007     0.290330    -0.608787
O     -2.369041     2.112792    -0.226868
O     -2.205402    -0.235619    -1.058065
F      2.000895     0.655308    -3.626849
F     -0.072458     1.341629    -3.435507
F      1.553500     2.495350    -2.525467
C     -1.802628     0.204119     1.533431
F     -3.102547    -0.019983     1.809855
F     -1.124508    -0.953218     1.670141
F     -1.318040     1.100764     2.409480
