Li    -1.346562    -1.963937    -1.723754
N     -0.086116     1.103943    -0.367496
S     -1.658166     0.853023    -0.234825
S      0.947812     0.239863    -1.222840
O      0.471416    -1.067370    -1.693828
C      1.118214     1.253098    -2.807058
O      2.258845     0.296354    -0.605312
O     -2.370504     2.116313    -0.220042
O     -2.210195    -0.229387    -1.059851
F      2.005379     0.651781    -3.623777
F     -0.068971     1.337187    -3.440127
F      1.553618     2.494731    -2.528952
C     -1.800867     0.201769     1.532230
F     -3.100068    -0.024085     1.810740
F     -1.121105    -0.954638     1.665147
F     -1.315730     1.097353     2.409747
