Li    -1.345035    -1.863527    -1.944183
N     -0.126606     1.198773    -0.387707
S     -1.685396     0.885672    -0.223198
S      0.937151     0.294601    -1.162062
O      0.483780    -1.049327    -1.542614
C      1.117651     1.195888    -2.812058
O      2.237772     0.410247    -0.532191
O     -2.428332     2.128927    -0.153381
O     -2.225326    -0.185919    -1.070762
F      1.998927     0.530053    -3.584471
F     -0.068596     1.245853    -3.451795
F      1.564173     2.449229    -2.621324
C     -1.773561     0.174607     1.524848
F     -3.061615    -0.069346     1.837308
F     -1.082960    -0.981866     1.596675
F     -1.265027     1.042133     2.416914
