Li    -1.352003    -1.966824    -1.724133
N     -0.089290     1.109281    -0.370774
S     -1.660714     0.855406    -0.234719
S      0.946211     0.242046    -1.221531
O      0.471500    -1.066382    -1.689535
C      1.120119     1.251206    -2.807907
O      2.256209     0.301467    -0.601451
O     -2.373109     2.118882    -0.214334
O     -2.214387    -0.224438    -1.061297
F      2.009933     0.648143    -3.620493
F     -0.065129     1.333378    -3.444510
F      1.554515     2.493953    -2.531954
C     -1.798987     0.199668     1.531010
F     -3.097197    -0.029597     1.811418
F     -1.116163    -0.955055     1.660429
F     -1.314507     1.094862     2.409780
