Li    -1.350697    -1.965415    -1.724474
N     -0.088128     1.107412    -0.369515
S     -1.659818     0.854848    -0.234590
S      0.946642     0.241230    -1.222056
O      0.471062    -1.066535    -1.691465
C      1.119678     1.252175    -2.807408
O      2.256995     0.299170    -0.602786
O     -2.371826     2.118466    -0.215387
O     -2.213296    -0.225289    -1.061140
F      2.008488     0.649708    -3.621518
F     -0.066171     1.335472    -3.442851
F      1.554716     2.494361    -2.530356
C     -1.799636     0.199771     1.531266
F     -3.098255    -0.027815     1.811128
F     -1.118422    -0.955944     1.661134
F     -1.314330     1.094381     2.410017
