Li    -1.348587    -1.966180    -1.723566
N     -0.087895     1.106922    -0.369226
S     -1.659542     0.853906    -0.234883
S      0.947213     0.241430    -1.222022
O      0.472386    -1.066820    -1.690999
C      1.118826     1.252183    -2.807667
O      2.257721     0.300394    -0.603250
O     -2.372356     2.117064    -0.217457
O     -2.211961    -0.227481    -1.060580
F      2.007795     0.650318    -3.622035
F     -0.067385     1.334322    -3.442632
F      1.552886     2.494774    -2.531028
C     -1.799894     0.200653     1.531613
F     -3.098508    -0.027658     1.810910
F     -1.117881    -0.954416     1.663180
F     -1.315819     1.096587     2.409641
