Li    -1.348268    -1.966486    -1.722960
N     -0.087869     1.107446    -0.369377
S     -1.659380     0.853844    -0.234428
S      0.947233     0.242005    -1.222261
O      0.472849    -1.066729    -1.690294
C      1.117581     1.252033    -2.808509
O      2.258014     0.301983    -0.604144
O     -2.372577     2.116789    -0.216654
O     -2.211746    -0.227646    -1.060002
F      2.006449     0.650191    -3.623004
F     -0.068977     1.333279    -3.442937
F      1.551174     2.494983    -2.532714
C     -1.798893     0.200452     1.532086
F     -3.097322    -0.028404     1.811790
F     -1.116347    -0.954318     1.663410
F     -1.314919     1.096575     2.409999
