Li    -1.348508    -1.965415    -1.723664
N     -0.087348     1.106136    -0.368826
S     -1.659121     0.853904    -0.234731
S      0.947243     0.240839    -1.222359
O      0.471725    -1.067034    -1.691885
C      1.118663     1.252256    -2.807608
O      2.257934     0.298871    -0.603978
O     -2.371580     2.117226    -0.217769
O     -2.211736    -0.227572    -1.060283
F      2.006938     0.650333    -3.622683
F     -0.067834     1.335233    -3.441977
F      1.553416     2.494474    -2.530574
C     -1.799971     0.201024     1.531864
F     -3.098758    -0.026272     1.811170
F     -1.118881    -0.954623     1.663531
F     -1.315180     1.096619     2.409772
