Li    -1.351203    -1.966706    -1.723991
N     -0.088960     1.108705    -0.370416
S     -1.660443     0.855063    -0.234783
S      0.946455     0.241870    -1.221628
O      0.471725    -1.066518    -1.689859
C      1.119855     1.251390    -2.807838
O      2.256565     0.301189    -0.601834
O     -2.372913     2.118479    -0.215138
O     -2.213824    -0.225156    -1.061133
F      2.009470     0.648587    -3.620830
F     -0.065612     1.333569    -3.444069
F      1.554190     2.494096    -2.531730
C     -1.799246     0.199965     1.531142
F     -3.097563    -0.029019     1.811277
F     -1.116655    -0.954860     1.661111
F     -1.314840     1.095343     2.409719
