Li    -1.340105    -1.958154    -1.723417
N     -0.082868     1.097836    -0.364086
S     -1.655398     0.850014    -0.235154
S      0.949273     0.237204    -1.224299
O      0.469762    -1.068301    -1.699235
C      1.116519     1.255373    -2.805780
O      2.261240     0.288689    -0.609421
O     -2.368777     2.112245    -0.228171
O     -2.204635    -0.236742    -1.057575
F      1.999981     0.655531    -3.627478
F     -0.072967     1.342650    -3.434632
F      1.553996     2.495147    -2.524835
C     -1.802850     0.204748     1.533717
F     -3.102884    -0.018906     1.809916
F     -1.125137    -0.952856     1.671034
F     -1.318147     1.101518     2.409416
