Li    -1.338148    -1.957290    -1.723041
N     -0.082539     1.096894    -0.363598
S     -1.655041     0.849027    -0.235440
S      0.949673     0.237059    -1.224388
O      0.470009    -1.068401    -1.699808
C      1.116106     1.255877    -2.805559
O      2.261721     0.288133    -0.609895
O     -2.369276     2.110661    -0.230544
O     -2.203117    -0.239167    -1.057015
F      1.999246     0.656526    -3.627941
F     -0.073774     1.343069    -3.433793
F      1.553369     2.495548    -2.524291
C     -1.803279     0.205453     1.533980
F     -3.103324    -0.018959     1.809471
F     -1.124862    -0.951674     1.672756
F     -1.319764     1.103242     2.409104
