Li    -1.350805    -1.965890    -1.724117
N     -0.088287     1.107736    -0.369806
S     -1.659927     0.854924    -0.234630
S      0.946598     0.241305    -1.221986
O      0.471235    -1.066690    -1.690889
C      1.119571     1.251673    -2.807713
O      2.256936     0.299714    -0.602692
O     -2.372059     2.118491    -0.215555
O     -2.213399    -0.225401    -1.060897
F      2.008477     0.648987    -3.621557
F     -0.066254     1.334628    -3.443227
F      1.554491     2.494021    -2.531125
C     -1.799429     0.200212     1.531388
F     -3.097961    -0.027673     1.811410
F     -1.117857    -0.955246     1.661508
F     -1.314328     1.095205     2.409887
