Li    -1.353973    -1.967194    -1.724419
N     -0.090053     1.110385    -0.371682
S     -1.661391     0.856260    -0.234813
S      0.945639     0.242077    -1.221202
O      0.470812    -1.066344    -1.688803
C      1.121171     1.250407    -2.807910
O      2.255285     0.301468    -0.600241
O     -2.373468     2.119955    -0.213234
O     -2.215752    -0.222933    -1.061639
F      2.011380     0.646536    -3.619480
F     -0.063482     1.332883    -3.445507
F      1.555994     2.493122    -2.532226
C     -1.798746     0.199648     1.530654
F     -3.096777    -0.030001     1.811594
F     -1.115556    -0.954898     1.659266
F     -1.314082     1.094628     2.409641
