Li    -1.352341    -1.967026    -1.724136
N     -0.089550     1.109692    -0.371027
S     -1.660919     0.855555    -0.234727
S      0.946099     0.242240    -1.221414
O      0.471545    -1.066299    -1.689174
C      1.120251     1.251065    -2.807973
O      2.256013     0.301918    -0.601137
O     -2.373370     2.119011    -0.213977
O     -2.214662    -0.224152    -1.061392
F      2.010268     0.647867    -3.620241
F     -0.064857     1.333058    -3.444839
F      1.554551     2.493905    -2.532210
C     -1.798848     0.199526     1.530918
F     -3.096972    -0.030071     1.811453
F     -1.115723    -0.955029     1.660109
F     -1.314484     1.094736     2.409767
