Li    -1.352201    -1.966870    -1.724149
N     -0.089387     1.109443    -0.370882
S     -1.660793     0.855496    -0.234709
S      0.946154     0.242103    -1.221492
O      0.471484    -1.066356    -1.689407
C      1.120183     1.251136    -2.807934
O      2.256119     0.301595    -0.601330
O     -2.373172     2.118986    -0.214139
O     -2.214537    -0.224257    -1.061340
F      2.010055     0.647994    -3.620404
F     -0.065011     1.333277    -3.444634
F      1.554584     2.493904    -2.532055
C     -1.798921     0.199607     1.530974
F     -3.097101    -0.029743     1.811453
F     -1.116023    -0.955083     1.660261
F     -1.314432     1.094765     2.409785
