Li    -1.345356    -1.963733    -1.723570
N     -0.085772     1.103320    -0.367056
S     -1.657839     0.852466    -0.234900
S      0.948132     0.239817    -1.222953
O      0.471778    -1.067425    -1.694189
C      1.117759     1.253525    -2.806970
O      2.259300     0.296262    -0.605811
O     -2.370521     2.115519    -0.221062
O     -2.209290    -0.230539    -1.059643
F      2.004736     0.652674    -3.624215
F     -0.069734     1.337445    -3.439549
F      1.552899     2.495150    -2.528648
C     -1.801098     0.201960     1.532389
F     -3.100358    -0.024055     1.810480
F     -1.121195    -0.954330     1.666013
F     -1.316442     1.097940     2.409685
