Li    -1.345788    -1.963787    -1.723461
N     -0.085821     1.103713    -0.367237
S     -1.657838     0.852716    -0.234622
S      0.947996     0.240008    -1.223064
O      0.471680    -1.067363    -1.693892
C      1.117406     1.253333    -2.807343
O      2.259252     0.296730    -0.606094
O     -2.370456     2.115820    -0.220175
O     -2.209579    -0.230009    -1.059493
F      2.004331     0.652308    -3.624519
F     -0.070136     1.337076    -3.439826
F      1.552554     2.495057    -2.529378
C     -1.800569     0.201744     1.532535
F     -3.099758    -0.024236     1.810994
F     -1.120698    -0.954601     1.665653
F     -1.315575     1.097488     2.409921
