Li    -1.348699    -1.965372    -1.723864
N     -0.087511     1.106502    -0.368858
S     -1.659235     0.853984    -0.234592
S      0.947185     0.241220    -1.222314
O      0.471856    -1.066720    -1.691772
C      1.118596     1.252579    -2.807598
O      2.257855     0.299488    -0.603875
O     -2.371745     2.117280    -0.216897
O     -2.211912    -0.227110    -1.060564
F      2.007095     0.650776    -3.622518
F     -0.067826     1.335308    -3.442124
F      1.553095     2.494907    -2.530589
C     -1.799773     0.200265     1.531717
F     -3.098489    -0.027347     1.811088
F     -1.118478    -0.955316     1.662775
F     -1.315016     1.095555     2.409985
