Li    -1.347252    -1.964391    -1.723799
N     -0.086489     1.104590    -0.367903
S     -1.658459     0.853334    -0.234813
S      0.947621     0.240103    -1.222689
O      0.471429    -1.067280    -1.693299
C      1.118447     1.252856    -2.807166
O      2.258532     0.296962    -0.604854
O     -2.370783     2.116660    -0.219320
O     -2.210698    -0.228744    -1.060037
F      2.005965     0.651374    -3.623373
F     -0.068500     1.336678    -3.440676
F      1.553679     2.494634    -2.529288
C     -1.800644     0.201532     1.532077
F     -3.099734    -0.024700     1.810818
F     -1.120542    -0.954682     1.664578
F     -1.315571     1.097070     2.409743
