Li    -1.339569    -1.957899    -1.723393
N     -0.082792     1.097638    -0.363892
S     -1.655305     0.849707    -0.235166
S      0.949386     0.237309    -1.224346
O      0.469898    -1.068185    -1.699457
C      1.116322     1.255730    -2.805705
O      2.261392     0.288753    -0.609602
O     -2.368955     2.111760    -0.228511
O     -2.204221    -0.237301    -1.057534
F      1.999756     0.656130    -3.627602
F     -0.073273     1.342908    -3.434394
F      1.553631     2.495509    -2.524624
C     -1.802895     0.204606     1.533757
F     -3.102915    -0.019317     1.809785
F     -1.124965    -0.952876     1.671263
F     -1.318493     1.101529     2.409421
