Li    -1.347873    -1.964748    -1.723830
N     -0.086832     1.105178    -0.368261
S     -1.658741     0.853618    -0.234800
S      0.947447     0.240337    -1.222542
O      0.471456    -1.067178    -1.692816
C      1.118667     1.252632    -2.807260
O      2.258247     0.297537    -0.604422
O     -2.371032     2.116993    -0.218652
O     -2.211196    -0.228134    -1.060220
F      2.006480     0.650946    -3.623007
F     -0.068060     1.336251    -3.441170
F      1.553798     2.494535    -2.529629
C     -1.800451     0.201294     1.531934
F     -3.099442    -0.025247     1.810892
F     -1.120069    -0.954768     1.664029
F     -1.315397     1.096754     2.409752
