Li    -1.352262    -1.966898    -1.724148
N     -0.089428     1.109511    -0.370918
S     -1.660826     0.855525    -0.234708
S      0.946130     0.242134    -1.221476
O      0.471471    -1.066337    -1.689359
C      1.120209     1.251116    -2.807943
O      2.256083     0.301653    -0.601284
O     -2.373216     2.119010    -0.214073
O     -2.214579    -0.224205    -1.061356
F      2.010114     0.647951    -3.620360
F     -0.064958     1.333239    -3.444691
F      1.554600     2.493895    -2.532085
C     -1.798898     0.199579     1.530957
F     -3.097064    -0.029820     1.811457
F     -1.115955    -0.955087     1.660196
F     -1.314421     1.094731     2.409790
