Li    -1.353472    -1.966965    -1.724461
N     -0.090069     1.110694    -0.371489
S     -1.661311     0.856044    -0.234461
S      0.945718     0.242781    -1.221319
O      0.471262    -1.065843    -1.688753
C      1.120411     1.251146    -2.808102
O      2.255509     0.302696    -0.600720
O     -2.373737     2.119526    -0.212164
O     -2.215476    -0.222900    -1.061745
F      2.010712     0.647664    -3.619858
F     -0.064430     1.333047    -3.445423
F      1.554716     2.494072    -2.532557
C     -1.798246     0.198494     1.530690
F     -3.096161    -0.031742     1.811665
F     -1.114649    -0.955896     1.658618
F     -1.313775     1.093179     2.410078
