Li    -1.342424    -1.960714    -1.723524
N     -0.083962     1.100038    -0.365242
S     -1.656346     0.851143    -0.234995
S      0.948827     0.238209    -1.223779
O      0.470664    -1.068006    -1.697165
C      1.116998     1.254559    -2.806298
O      2.260511     0.291826    -0.608023
O     -2.369181     2.113885    -0.224945
O     -2.206720    -0.233803    -1.058521
F      2.001925     0.654329    -3.626172
F     -0.071659     1.340461    -3.436679
F      1.553511     2.495120    -2.526428
C     -1.802154     0.203551     1.533159
F     -3.101930    -0.020711     1.810173
F     -1.123866    -0.953692     1.668843
F     -1.317193     1.099804     2.409596
