Li    -1.349159    -1.965779    -1.724206
N     -0.088827     1.109414    -0.369496
S     -1.660033     0.854171    -0.233646
S      0.946857     0.244161    -1.222051
O      0.473330    -1.064807    -1.689997
C      1.117272     1.254173    -2.808294
O      2.257485     0.305074    -0.603559
O     -2.373669     2.116862    -0.211811
O     -2.212619    -0.225255    -1.061613
F      2.007159     0.652928    -3.622134
F     -0.068897     1.334469    -3.443481
F      1.549787     2.497538    -2.532397
C     -1.797793     0.195981     1.531218
F     -3.095812    -0.034750     1.811278
F     -1.114072    -0.958455     1.658993
F     -1.314009     1.090274     2.411196
