Li    -1.351633    -1.966978    -1.723917
N     -0.089262     1.109280    -0.370744
S     -1.660665     0.855256    -0.234712
S      0.946304     0.242166    -1.221542
O      0.471784    -1.066402    -1.689360
C      1.119845     1.251193    -2.808045
O      2.256354     0.301892    -0.601607
O     -2.373235     2.118632    -0.214542
O     -2.214162    -0.224785    -1.061158
F      2.009681     0.648219    -3.620674
F     -0.065497     1.333065    -3.444522
F      1.554026     2.494050    -2.532272
C     -1.798912     0.199761     1.531109
F     -3.097098    -0.029676     1.811485
F     -1.115907    -0.954836     1.660734
F     -1.314620     1.095162     2.409765
