Li    -1.352353    -1.967163    -1.724079
N     -0.089629     1.109811    -0.371112
S     -1.660977     0.855557    -0.234750
S      0.946086     0.242304    -1.221374
O      0.471621    -1.066301    -1.689015
C      1.120253     1.250988    -2.808021
O      2.255979     0.302123    -0.601055
O     -2.373492     2.118982    -0.213995
O     -2.214688    -0.224187    -1.061375
F      2.010345     0.647763    -3.620189
F     -0.064825     1.332862    -3.444952
F      1.554478     2.493881    -2.532356
C     -1.798809     0.199568     1.530917
F     -3.096903    -0.030172     1.811479
F     -1.115541    -0.954894     1.660147
F     -1.314544     1.094875     2.409729
