Li    -1.351349    -1.966793    -1.723968
N     -0.089074     1.108953    -0.370527
S     -1.660520     0.855127    -0.234722
S      0.946398     0.242034    -1.221609
O      0.471769    -1.066436    -1.689665
C      1.119790     1.251364    -2.807940
O      2.256499     0.301545    -0.601795
O     -2.373048     2.118516    -0.214814
O     -2.213943    -0.225000    -1.061142
F      2.009497     0.648520    -3.620804
F     -0.065640     1.333384    -3.444247
F      1.554031     2.494143    -2.531973
C     -1.799070     0.199802     1.531138
F     -3.097331    -0.029367     1.811386
F     -1.116319    -0.954942     1.660907
F     -1.314688     1.095148     2.409775
