Li    -1.347514    -1.965625    -1.723267
N     -0.087333     1.106379    -0.368710
S     -1.658989     0.853478    -0.234501
S      0.947453     0.241513    -1.222461
O      0.472539    -1.066771    -1.691486
C      1.117656     1.252666    -2.808016
O      2.258326     0.300478    -0.604570
O     -2.372033     2.116460    -0.217504
O     -2.211139    -0.228244    -1.060054
F      2.006138     0.651220    -3.623216
F     -0.069102     1.334583    -3.442045
F      1.551543     2.495278    -2.531416
C     -1.799476     0.200506     1.532095
F     -3.098134    -0.027543     1.811380
F     -1.117726    -0.954754     1.663765
F     -1.315209     1.096374     2.410004
