Li    -1.349713    -1.965597    -1.724023
N     -0.087831     1.106918    -0.369281
S     -1.659548     0.854425    -0.234695
S      0.946916     0.241077    -1.222150
O      0.471458    -1.066807    -1.691479
C      1.119227     1.252081    -2.807552
O      2.257405     0.299214    -0.603246
O     -2.371799     2.117896    -0.216565
O     -2.212612    -0.226377    -1.060717
F      2.007864     0.649825    -3.622001
F     -0.066888     1.335114    -3.442568
F      1.554068     2.494337    -2.530618
C     -1.799780     0.200464     1.531545
F     -3.098456    -0.027080     1.811171
F     -1.118515    -0.955138     1.662331
F     -1.314795     1.095646     2.409846
