Li    -1.350075    -1.966079    -1.723912
N     -0.088215     1.107558    -0.369671
S     -1.659837     0.854581    -0.234722
S      0.946797     0.241413    -1.221972
O      0.471685    -1.066714    -1.690826
C      1.119315     1.251830    -2.807721
O      2.257176     0.300111    -0.602820
O     -2.372247     2.117986    -0.216158
O     -2.212933    -0.226106    -1.060794
F      2.008302     0.649420    -3.621677
F     -0.066620     1.334421    -3.443098
F      1.553878     2.494300    -2.531170
C     -1.799549     0.200331     1.531452
F     -3.098086    -0.027817     1.811240
F     -1.117717    -0.954927     1.662051
F     -1.314871     1.095689     2.409797
