Li    -1.341619    -1.960143    -1.723510
N     -0.083695     1.099401    -0.364891
S     -1.656126     0.850738    -0.235135
S      0.949009     0.237970    -1.223852
O      0.470592    -1.068068    -1.697721
C      1.116960     1.254877    -2.806047
O      2.260733     0.291080    -0.608255
O     -2.369162     2.113317    -0.226017
O     -2.206074    -0.234741    -1.058376
F      2.001613     0.654865    -3.626366
F     -0.071881     1.341059    -3.436104
F      1.553594     2.495259    -2.525814
C     -1.802506     0.203842     1.533229
F     -3.102360    -0.020369     1.809890
F     -1.124274    -0.953422     1.669495
F     -1.317802     1.100333     2.409471
