Li    -1.343080    -1.961303    -1.723526
N     -0.084265     1.100625    -0.365591
S     -1.656608     0.851448    -0.234965
S      0.948678     0.238432    -1.223648
O      0.470798    -1.067951    -1.696629
C      1.117159     1.254285    -2.806444
O      2.260278     0.292525    -0.607643
O     -2.369327     2.114305    -0.224185
O     -2.207268    -0.233090    -1.058712
F      2.002414     0.653886    -3.625849
F     -0.071286     1.339901    -3.437214
F      1.553505     2.495015    -2.526864
C     -1.801949     0.203333     1.533036
F     -3.101647    -0.021088     1.810301
F     -1.123498    -0.953811     1.668321
F     -1.316902     1.099486     2.409611
