Li    -1.387544    -1.913665    -1.939292
N     -0.156575     1.015874    -0.439283
S     -1.708595     0.730613    -0.228706
S      0.891423     0.178325    -1.294467
O      0.378327    -1.059187    -1.908067
C      1.180999     1.310290    -2.776055
O      2.170663     0.107669    -0.619646
O     -2.488624     1.944625    -0.351115
O     -2.232908    -0.480217    -0.883724
F      2.087400     0.738660    -3.593045
F      0.032277     1.489483    -3.459686
F      1.643898     2.504855    -2.375548
C     -1.765390     0.293861     1.605869
F     -3.042600     0.039793     1.952722
F     -1.022855    -0.805157     1.849545
F     -1.302896     1.310174     2.350500
