Li    -1.418779    -1.822790    -2.044633
N     -0.150438     1.116328    -0.422507
S     -1.700495     0.805555    -0.220371
S      0.915268     0.235226    -1.216933
O      0.440849    -1.068867    -1.704230
C      1.155619     1.241582    -2.796051
O      2.201135     0.273228    -0.550513
O     -2.471123     2.032190    -0.247913
O     -2.230561    -0.346161    -0.966225
F      2.074169     0.631007    -3.570516
F     -0.004600     1.321026    -3.480895
F      1.580178     2.483066    -2.510346
C     -1.760923     0.234225     1.577564
F     -3.037050    -0.049455     1.905303
F     -1.013435    -0.876061     1.742576
F     -1.302814     1.195900     2.395689
