Li    -1.424163    -1.841639    -2.051201
N     -0.150923     1.126728    -0.421916
S     -1.700896     0.811338    -0.220460
S      0.914891     0.240853    -1.212289
O      0.442974    -1.066555    -1.689124
C      1.154438     1.238149    -2.797301
O      2.201494     0.287698    -0.546344
O     -2.470296     2.039700    -0.237772
O     -2.231334    -0.334081    -0.973280
F      2.071221     0.621870    -3.569590
F     -0.005724     1.317345    -3.481294
F      1.582715     2.480640    -2.518415
C     -1.759536     0.230463     1.574582
F     -3.035634    -0.052767     1.903236
F     -1.013358    -0.881339     1.733558
F     -1.298868     1.187596     2.397607
