Li    -1.422080    -1.832314    -2.048448
N     -0.150791     1.120899    -0.422353
S     -1.700747     0.807726    -0.220476
S      0.915117     0.237752    -1.214930
O      0.442110    -1.067823    -1.697610
C      1.155206     1.240269    -2.796537
O      2.201270     0.280011    -0.548551
O     -2.471017     2.035067    -0.243671
O     -2.230819    -0.341410    -0.969090
F      2.073017     0.627215    -3.570056
F     -0.004897     1.319799    -3.481082
F      1.581513     2.482175    -2.513687
C     -1.760243     0.232727     1.576363
F     -3.036329    -0.050765     1.904656
F     -1.013213    -0.878073     1.739109
F     -1.301098     1.192743     2.396363
