Li    -1.351043    -1.965731    -1.724214
N     -0.088238     1.107625    -0.369816
S     -1.659906     0.855030    -0.234631
S      0.946537     0.241108    -1.222026
O      0.470949    -1.066759    -1.691079
C      1.119738     1.251603    -2.807645
O      2.256863     0.299202    -0.602686
O     -2.371878     2.118684    -0.215553
O     -2.213522    -0.225234    -1.060892
F      2.008561     0.648843    -3.621527
F     -0.066052     1.334831    -3.443190
F      1.554869     2.493840    -2.530908
C     -1.799489     0.200328     1.531383
F     -3.098064    -0.027257     1.811452
F     -1.118188    -0.955301     1.661453
F     -1.314137     1.095186     2.409877
