Li    -1.353009    -1.967373    -1.724186
N     -0.090069     1.110509    -0.371517
S     -1.661321     0.855830    -0.234722
S      0.945863     0.242643    -1.221208
O      0.471586    -1.066088    -1.688540
C      1.120505     1.250878    -2.808081
O      2.255610     0.302767    -0.600544
O     -2.373904     2.119234    -0.213198
O     -2.215202    -0.223581    -1.061600
F      2.010937     0.647457    -3.619739
F     -0.064318     1.332540    -3.445472
F      1.554606     2.493892    -2.532626
C     -1.798550     0.199144     1.530729
F     -3.096498    -0.031150     1.811515
F     -1.114807    -0.955067     1.659421
F     -1.314429     1.094363     2.409767
