Li    -1.352453    -1.965860    -1.724111
N     -0.088377     1.108020    -0.370354
S     -1.660056     0.855714    -0.234522
S      0.946142     0.240705    -1.222083
O      0.470119    -1.067095    -1.690747
C      1.120055     1.250597    -2.807997
O      2.256427     0.298529    -0.602572
O     -2.371569     2.119651    -0.215056
O     -2.214378    -0.224299    -1.060572
F      2.008648     0.647071    -3.621571
F     -0.065591     1.334310    -3.443715
F      1.555882     2.492694    -2.531618
C     -1.799086     0.201043     1.531544
F     -3.097613    -0.026094     1.812205
F     -1.118089    -0.954769     1.661331
F     -1.313062     1.095781     2.409838
