Li    -1.337698    -1.954149    -1.723551
N     -0.081783     1.095571    -0.362857
S     -1.654368     0.848736    -0.235120
S      0.949582     0.236302    -1.224987
O      0.468169    -1.068265    -1.701860
C      1.115911     1.256652    -2.805198
O      2.261841     0.284884    -0.611124
O     -2.368698     2.110127    -0.231362
O     -2.202206    -0.240161    -1.056368
F      1.997504     0.657117    -3.629078
F     -0.074556     1.345766    -3.432221
F      1.554744     2.495375    -2.522938
C     -1.803251     0.205582     1.534394
F     -3.103467    -0.017689     1.809900
F     -1.126007    -0.952461     1.672926
F     -1.318715     1.102611     2.409444
