Li    -1.335364    -1.955178    -1.722348
N     -0.081945     1.095464    -0.362955
S     -1.654355     0.847586    -0.235604
S      0.950097     0.236735    -1.224792
O      0.469721    -1.068571    -1.700893
C      1.115114     1.256467    -2.805555
O      2.262381     0.286741    -0.611185
O     -2.370046     2.108166    -0.234079
O     -2.200705    -0.243101    -1.055560
F      1.997275     0.657561    -3.629273
F     -0.075576     1.343854    -3.432451
F      1.552499     2.495814    -2.523948
C     -1.803396     0.206791     1.534751
F     -3.103382    -0.018740     1.809504
F     -1.123918    -0.949682     1.675581
F     -1.321399     1.106093     2.408806
