Li    -1.347756    -1.964687    -1.723840
N     -0.086767     1.105057    -0.368196
S     -1.658687     0.853559    -0.234803
S      0.947478     0.240284    -1.222576
O      0.471442    -1.067200    -1.692927
C      1.118629     1.252683    -2.807239
O      2.258298     0.297409    -0.604510
O     -2.370984     2.116923    -0.218785
O     -2.211101    -0.228261    -1.060177
F      2.006384     0.651045    -3.623076
F     -0.068142     1.336347    -3.441070
F      1.553778     2.494558    -2.529545
C     -1.800486     0.201342     1.531964
F     -3.099494    -0.025153     1.810880
F     -1.120147    -0.954739     1.664149
F     -1.315442     1.096831     2.409748
