Li    -1.348577    -1.965342    -1.723910
N     -0.087480     1.106365    -0.368788
S     -1.659226     0.853914    -0.234672
S      0.947229     0.241151    -1.222287
O      0.471879    -1.066737    -1.691887
C      1.118705     1.252655    -2.807473
O      2.257878     0.299313    -0.603801
O     -2.371730     2.117213    -0.217141
O     -2.211834    -0.227240    -1.060623
F      2.007202     0.650899    -3.622436
F     -0.067701     1.335478    -3.442018
F      1.553235     2.494938    -2.530335
C     -1.799944     0.200311     1.531667
F     -3.098696    -0.027225     1.810932
F     -1.118722    -0.955307     1.662845
F     -1.315215     1.095613     2.409925
