Li    -1.349861    -1.966125    -1.723919
N     -0.088304     1.107743    -0.369651
S     -1.659878     0.854479    -0.234661
S      0.946836     0.241727    -1.221944
O      0.471963    -1.066518    -1.690695
C      1.119129     1.252093    -2.807751
O      2.257225     0.300729    -0.602832
O     -2.372473     2.117781    -0.215839
O     -2.212842    -0.226135    -1.060906
F      2.008299     0.649868    -3.621646
F     -0.066805     1.334342    -3.443168
F      1.553366     2.494693    -2.531259
C     -1.799436     0.199899     1.531403
F     -3.097920    -0.028591     1.811159
F     -1.117336    -0.955218     1.661813
F     -1.314963     1.095231     2.409894
