Li    -1.354040    -1.966408    -1.724558
N     -0.089584     1.110015    -0.371309
S     -1.660986     0.856347    -0.234363
S      0.945614     0.241932    -1.221615
O      0.470316    -1.066261    -1.689498
C      1.120571     1.250743    -2.808084
O      2.255526     0.300798    -0.601222
O     -2.372774     2.120173    -0.212423
O     -2.215666    -0.222543    -1.061429
F      2.010191     0.646922    -3.620332
F     -0.064421     1.333683    -3.445019
F      1.555809     2.493248    -2.532219
C     -1.798342     0.199255     1.530928
F     -3.096450    -0.029671     1.812079
F     -1.115879    -0.955814     1.658959
F     -1.312885     1.093579     2.410105
