Li    -1.345840    -1.961983    -1.723396
N     -0.084698     1.102223    -0.366632
S     -1.656939     0.852852    -0.234224
S      0.947930     0.238664    -1.223842
O      0.469957    -1.067986    -1.695465
C      1.116869     1.252970    -2.807558
O      2.259610     0.293396    -0.607830
O     -2.368904     2.116226    -0.221000
O     -2.209156    -0.230352    -1.058414
F      2.002053     0.651455    -3.626244
F     -0.071380     1.338538    -3.438578
F      1.553764     2.493872    -2.529137
C     -1.800362     0.203074     1.533321
F     -3.099840    -0.020758     1.812124
F     -1.122376    -0.954460     1.666717
F     -1.313685     1.098268     2.410156
