Li    -1.352849    -1.967271    -1.724187
N     -0.089942     1.110314    -0.371394
S     -1.661221     0.855760    -0.234705
S      0.945915     0.242560    -1.221270
O      0.471571    -1.066120    -1.688720
C      1.120425     1.250952    -2.808059
O      2.255708     0.302568    -0.600709
O     -2.373772     2.119177    -0.213333
O     -2.215073    -0.223703    -1.061550
F      2.010748     0.647586    -3.619877
F     -0.064471     1.332704    -3.445312
F      1.554583     2.493921    -2.532527
C     -1.798603     0.199197     1.530780
F     -3.096593    -0.030930     1.811513
F     -1.115015    -0.955106     1.659561
F     -1.314410     1.094390     2.409787
