Li    -1.347504    -1.964539    -1.723825
N     -0.086630     1.104831    -0.368049
S     -1.658573     0.853446    -0.234806
S      0.947552     0.240202    -1.222629
O      0.471449    -1.067238    -1.693099
C      1.118532     1.252769    -2.807204
O      2.258418     0.297208    -0.604679
O     -2.370888     2.116789    -0.219050
O     -2.210897    -0.228504    -1.060106
F      2.006170     0.651210    -3.623225
F     -0.068329     1.336503    -3.440874
F      1.553716     2.494600    -2.529427
C     -1.800563     0.201433     1.532020
F     -3.099610    -0.024938     1.810848
F     -1.120336    -0.954715     1.664354
F     -1.315506     1.096941     2.409750
