Li    -1.420141    -1.826278    -2.046153
N     -0.150579     1.117884    -0.422476
S     -1.700592     0.806224    -0.220418
S      0.915216     0.236081    -1.216261
O      0.441323    -1.068517    -1.701986
C      1.155511     1.241171    -2.796197
O      2.201175     0.275588    -0.549822
O     -2.471133     2.033091    -0.246513
O     -2.230633    -0.344650    -0.967150
F      2.073836     0.629777    -3.570332
F     -0.004643     1.320671    -3.480975
F      1.580662     2.482797    -2.511420
C     -1.760675     0.233756     1.577181
F     -3.036778    -0.049881     1.905136
F     -1.013303    -0.876662     1.741505
F     -1.302247     1.194946     2.395880
