Li    -1.347819    -1.966165    -1.723272
N     -0.087739     1.107033    -0.369026
S     -1.659305     0.853593    -0.234550
S      0.947382     0.241955    -1.222226
O      0.472934    -1.066587    -1.690825
C      1.117786     1.252594    -2.808082
O      2.258129     0.301579    -0.604045
O     -2.372512     2.116514    -0.216980
O     -2.211449    -0.227904    -1.060308
F      2.006682     0.651078    -3.622785
F     -0.068767     1.334045    -3.442514
F      1.551330     2.495433    -2.531792
C     -1.799339     0.200120     1.531893
F     -3.097862    -0.028640     1.811236
F     -1.116957    -0.954758     1.663296
F     -1.315493     1.096107     2.409979
