Li    -1.338986    -1.957823    -1.723249
N     -0.082736     1.097356    -0.363814
S     -1.655249     0.849450    -0.235359
S      0.949515     0.237182    -1.224290
O      0.470031    -1.068326    -1.699492
C      1.116368     1.255705    -2.805593
O      2.261499     0.288548    -0.609554
O     -2.369105     2.111358    -0.229466
O     -2.203814    -0.238047    -1.057382
F      1.999788     0.656207    -3.627577
F     -0.073277     1.342835    -3.434229
F      1.553596     2.495466    -2.524436
C     -1.803175     0.205047     1.533785
F     -3.103215    -0.019124     1.809513
F     -1.124989    -0.952236     1.671917
F     -1.319249     1.102400     2.409225
