Li    -1.352196    -1.965418    -1.724799
N     -0.088461     1.107961    -0.369989
S     -1.660162     0.855525    -0.234573
S      0.946232     0.241054    -1.221933
O      0.470323    -1.066550    -1.691280
C      1.120408     1.251660    -2.807373
O      2.256400     0.298627    -0.602157
O     -2.371720     2.119415    -0.214505
O     -2.214286    -0.224034    -1.061366
F      2.009279     0.648591    -3.620986
F     -0.065089     1.335495    -3.443347
F      1.556013     2.493688    -2.530355
C     -1.799503     0.199760     1.531068
F     -3.098071    -0.027633     1.811337
F     -1.118467    -0.956105     1.660243
F     -1.313698     1.093961     2.410014
