Li    -1.351294    -1.966898    -1.723971
N     -0.089231     1.109237    -0.370596
S     -1.660622     0.855094    -0.234684
S      0.946390     0.242339    -1.221547
O      0.471992    -1.066253    -1.689455
C      1.119698     1.251529    -2.807975
O      2.256466     0.302155    -0.601688
O     -2.373316     2.118392    -0.214468
O     -2.213955    -0.224939    -1.061263
F      2.009602     0.648778    -3.620696
F     -0.065687     1.333246    -3.444393
F      1.553673     2.494433    -2.532110
C     -1.798942     0.199420     1.531065
F     -3.097126    -0.030190     1.811305
F     -1.115825    -0.955124     1.660630
F     -1.314819     1.094779     2.409847
