Li    -1.347512    -1.846050    -1.939301
N     -0.125794     1.191154    -0.387722
S     -1.684893     0.882578    -0.223866
S      0.937860     0.289702    -1.164560
O      0.482036    -1.051877    -1.553568
C      1.120903     1.198535    -2.810106
O      2.237583     0.398200    -0.532663
O     -2.427545     2.125747    -0.160135
O     -2.225511    -0.192159    -1.068553
F      2.003352     0.536321    -3.584179
F     -0.064913     1.249995    -3.451217
F      1.565938     2.450964    -2.613406
C     -1.775940     0.175975     1.525788
F     -3.064568    -0.065648     1.837279
F     -1.087168    -0.981767     1.600238
F     -1.266826     1.044329     2.415968
