Li    -1.351501    -1.965364    -1.723956
N     -0.087772     1.107164    -0.369784
S     -1.659542     0.855324    -0.234402
S      0.946413     0.240407    -1.222401
O      0.470124    -1.067248    -1.691429
C      1.119441     1.250915    -2.808031
O      2.256955     0.297854    -0.603509
O     -2.371060     2.119221    -0.215761
O     -2.213634    -0.225089    -1.060202
F      2.007498     0.647696    -3.622405
F     -0.066636     1.334849    -3.442976
F      1.555404     2.492865    -2.531419
C     -1.799178     0.201328     1.531871
F     -3.097855    -0.025189     1.812326
F     -1.118738    -0.954806     1.662129
F     -1.312919     1.096070     2.409948
