Li    -1.342656    -1.960926    -1.723521
N     -0.084071     1.100236    -0.365373
S     -1.656442     0.851235    -0.234983
S      0.948768     0.238281    -1.223746
O      0.470698    -1.067986    -1.697004
C      1.117051     1.254473    -2.806351
O      2.260424     0.292051    -0.607902
O     -2.369244     2.114014    -0.224689
O     -2.206912    -0.233579    -1.058572
F      2.002090     0.654191    -3.626071
F     -0.071536     1.340280    -3.436865
F      1.553505     2.495087    -2.526571
C     -1.802067     0.203481     1.533127
F     -3.101814    -0.020834     1.810244
F     -1.123720    -0.953721     1.668682
F     -1.317072     1.099716     2.409594
