Li    -1.352363    -1.967021    -1.724136
N     -0.089582     1.109786    -0.371046
S     -1.660934     0.855564    -0.234676
S      0.946082     0.242338    -1.221424
O      0.471574    -1.066234    -1.689128
C      1.120174     1.251121    -2.808016
O      2.256006     0.302094    -0.601172
O     -2.373421     2.119000    -0.213777
O     -2.214684    -0.224085    -1.061406
F      2.010218     0.647938    -3.620269
F     -0.064938     1.333040    -3.444880
F      1.554420     2.493990    -2.532295
C     -1.798751     0.199379     1.530920
F     -3.096850    -0.030310     1.811496
F     -1.115556    -0.955147     1.659985
F     -1.314395     1.094545     2.409823
