Li    -1.338127    -1.955468    -1.723406
N     -0.082115     1.096047    -0.363216
S     -1.654699     0.848965    -0.235345
S      0.949563     0.236412    -1.224699
O      0.468729    -1.068424    -1.701089
C      1.116293     1.256171    -2.805240
O      2.261676     0.285793    -0.610422
O     -2.368833     2.110549    -0.231188
O     -2.202749    -0.239612    -1.056684
F      1.998508     0.656586    -3.628429
F     -0.073842     1.344742    -3.432895
F      1.554678     2.495193    -2.523283
C     -1.803424     0.205752     1.534163
F     -3.103606    -0.017784     1.809663
F     -1.125863    -0.951999     1.672867
F     -1.319189     1.103075     2.409202
