Li    -1.341154    -1.959642    -1.723479
N     -0.083468     1.098969    -0.364651
S     -1.655927     0.850513    -0.235137
S      0.949097     0.237795    -1.223975
O      0.470432    -1.068117    -1.698124
C      1.116807     1.255056    -2.805972
O      2.260897     0.290521    -0.608593
O     -2.369067     2.112993    -0.226581
O     -2.205663    -0.235299    -1.058179
F      2.001174     0.655140    -3.626664
F     -0.072210     1.341476    -3.435710
F      1.553603     2.495296    -2.525541
C     -1.802600     0.204037     1.533356
F     -3.102504    -0.020052     1.809876
F     -1.124487    -0.953300     1.669908
F     -1.317930     1.100613     2.409463
