Li    -1.343346    -1.963027    -1.722849
N     -0.084846     1.101807    -0.366317
S     -1.657015     0.851593    -0.234960
S      0.948625     0.239137    -1.223401
O      0.471826    -1.068007    -1.694978
C      1.116753     1.253533    -2.807161
O      2.260175     0.295033    -0.607264
O     -2.370086     2.114338    -0.223614
O     -2.207686    -0.232900    -1.058544
F      2.002759     0.653002    -3.625667
F     -0.071504     1.337698    -3.438399
F      1.552145     2.494935    -2.528711
C     -1.801330     0.203467     1.533122
F     -3.100766    -0.022089     1.810736
F     -1.121713    -0.952881     1.668528
F     -1.316989     1.100357     2.409480
