Li    -1.348380    -1.966507    -1.722990
N     -0.087934     1.107540    -0.369431
S     -1.659435     0.853893    -0.234431
S      0.947197     0.242042    -1.222232
O      0.472825    -1.066695    -1.690244
C      1.117649     1.252017    -2.808500
O      2.257950     0.302038    -0.604048
O     -2.372627     2.116844    -0.216539
O     -2.211836    -0.227537    -1.060048
F      2.006570     0.650139    -3.622912
F     -0.068860     1.333257    -3.443013
F      1.551240     2.494977    -2.532721
C     -1.798876     0.200389     1.532047
F     -3.097289    -0.028532     1.811779
F     -1.116279    -0.954356     1.663286
F     -1.314913     1.096490     2.409997
