Li    -1.350988    -1.966740    -1.723903
N     -0.088885     1.108569    -0.370351
S     -1.660382     0.854971    -0.234819
S      0.946517     0.241809    -1.221646
O      0.471796    -1.066588    -1.689891
C      1.119788     1.251368    -2.807848
O      2.256654     0.301135    -0.601922
O     -2.372889     2.118364    -0.215436
O     -2.213673    -0.225397    -1.061050
F      2.009368     0.648616    -3.620915
F     -0.065729     1.333512    -3.444000
F      1.554089     2.494079    -2.531739
C     -1.799311     0.200140     1.531196
F     -3.097651    -0.028789     1.811271
F     -1.116750    -0.954683     1.661379
F     -1.314953     1.095631     2.409671
