Li    -1.347082    -1.966895    -1.722522
N     -0.087682     1.106935    -0.369160
S     -1.659215     0.853286    -0.234718
S      0.947573     0.241884    -1.222219
O      0.473484    -1.067013    -1.690218
C      1.117331     1.251967    -2.808505
O      2.258401     0.302187    -0.604289
O     -2.372778     2.116017    -0.218257
O     -2.210978    -0.229017    -1.059691
F      2.006218     0.650424    -3.623193
F     -0.069402     1.332813    -3.442691
F      1.550547     2.495038    -2.532779
C     -1.799273     0.201240     1.532254
F     -3.097749    -0.027844     1.811550
F     -1.116417    -0.953224     1.664792
F     -1.315979     1.098197     2.409645
