Li    -1.342950    -1.961024    -1.723538
N     -0.084139     1.100476    -0.365473
S     -1.656496     0.851401    -0.234890
S      0.948696     0.238384    -1.223740
O      0.470682    -1.067941    -1.696814
C      1.117002     1.254378    -2.806469
O      2.260360     0.292316    -0.607890
O     -2.369223     2.114237    -0.224202
O     -2.207138    -0.233192    -1.058617
F      2.002080     0.654000    -3.626075
F     -0.071552     1.340111    -3.437036
F      1.553452     2.495041    -2.526833
C     -1.801886     0.203319     1.533121
F     -3.101603    -0.020956     1.810410
F     -1.123582    -0.953933     1.668367
F     -1.316701     1.099383     2.409680
