Li    -1.346118    -1.963222    -1.724009
N     -0.085795     1.103492    -0.367058
S     -1.657877     0.852830    -0.234663
S      0.947917     0.239828    -1.223036
O      0.471241    -1.067197    -1.694494
C      1.117924     1.253718    -2.806889
O      2.259078     0.295843    -0.605823
O     -2.370228     2.116071    -0.219903
O     -2.209782    -0.229542    -1.059913
F      2.004778     0.652706    -3.624152
F     -0.069491     1.338093    -3.439533
F      1.553437     2.495179    -2.528372
C     -1.800891     0.201311     1.532269
F     -3.100167    -0.024274     1.810640
F     -1.121474    -0.955367     1.664956
F     -1.315550     1.096530     2.409977
