Li    -1.347447    -1.966578    -1.722928
N     -0.087794     1.107178    -0.369123
S     -1.659305     0.853433    -0.234571
S      0.947477     0.242143    -1.222198
O      0.473363    -1.066657    -1.690391
C      1.117453     1.252419    -2.808335
O      2.258263     0.302325    -0.604147
O     -2.372778     2.116212    -0.217276
O     -2.211231    -0.228357    -1.060078
F      2.006462     0.650962    -3.622956
F     -0.069177     1.333357    -3.442685
F      1.550651     2.495463    -2.532401
C     -1.799187     0.200355     1.532030
F     -3.097642    -0.028798     1.811371
F     -1.116391    -0.954228     1.663788
F     -1.315715     1.096767     2.409899
