Li    -1.343273    -1.962690    -1.723214
N     -0.084845     1.101551    -0.366135
S     -1.657060     0.851513    -0.235115
S      0.948657     0.239030    -1.223310
O      0.471699    -1.067884    -1.695424
C      1.117208     1.253911    -2.806714
O      2.260100     0.294465    -0.606933
O     -2.370060     2.114284    -0.223821
O     -2.207643    -0.232898    -1.058898
F      2.003279     0.653526    -3.625255
F     -0.070932     1.338419    -3.438137
F      1.552700     2.495158    -2.527785
C     -1.801768     0.203207     1.532868
F     -3.101278    -0.022226     1.810223
F     -1.122328    -0.953267     1.668226
F     -1.317456     1.099898     2.409423
