Li    -1.350906    -1.966677    -1.723902
N     -0.088832     1.108526    -0.370289
S     -1.660330     0.854937    -0.234771
S      0.946540     0.241835    -1.221688
O      0.471814    -1.066561    -1.689946
C      1.119673     1.251442    -2.807875
O      2.256711     0.301164    -0.602048
O     -2.372849     2.118319    -0.215378
O     -2.213609    -0.225428    -1.061024
F      2.009215     0.648741    -3.621020
F     -0.065894     1.333558    -3.443940
F      1.553948     2.494158    -2.531764
C     -1.799264     0.200071     1.531232
F     -3.097608    -0.028831     1.811310
F     -1.116735    -0.954779     1.661378
F     -1.314874     1.095523     2.409724
