Li    -1.348842    -1.960931    -1.725456
N     -0.085514     1.104087    -0.366802
S     -1.657663     0.854204    -0.233326
S      0.947153     0.240037    -1.223678
O      0.469160    -1.066234    -1.695810
C      1.117655     1.254691    -2.806975
O      2.258580     0.294502    -0.606851
O     -2.368755     2.118119    -0.214817
O     -2.211377    -0.225695    -1.060569
F      2.003561     0.653140    -3.624878
F     -0.069864     1.340762    -3.439161
F      1.554675     2.495511    -2.527904
C     -1.799534     0.198493     1.532137
F     -3.098838    -0.025390     1.811721
F     -1.122078    -0.959803     1.660834
F     -1.311318     1.090504     2.411534
