Li    -1.351373    -1.967001    -1.724173
N     -0.089340     1.109098    -0.370613
S     -1.660771     0.855079    -0.234974
S      0.946407     0.242150    -1.221353
O      0.471975    -1.066317    -1.689559
C      1.120307     1.251516    -2.807602
O      2.256320     0.301728    -0.601116
O     -2.373383     2.118432    -0.215001
O     -2.214040    -0.224989    -1.061543
F      2.010377     0.648754    -3.620134
F     -0.064878     1.333466    -3.444362
F      1.554360     2.494333    -2.531456
C     -1.799439     0.199596     1.530816
F     -3.097683    -0.029956     1.810835
F     -1.116369    -0.954941     1.660643
F     -1.315470     1.095050     2.409591
