Li    -1.348441    -1.966575    -1.722962
N     -0.087986     1.107646    -0.369493
S     -1.659470     0.853920    -0.234413
S      0.947176     0.242105    -1.222219
O      0.472860    -1.066678    -1.690137
C      1.117619     1.251974    -2.808556
O      2.257923     0.302203    -0.604024
O     -2.372690     2.116858    -0.216438
O     -2.211884    -0.227492    -1.060034
F      2.006573     0.650065    -3.622910
F     -0.068881     1.333136    -3.443093
F      1.551171     2.494970    -2.532861
C     -1.798800     0.200365     1.532053
F     -3.097187    -0.028635     1.811839
F     -1.116128    -0.954339     1.663239
F     -1.314852     1.096477     2.410006
