Li    -1.352636    -1.967175    -1.724153
N     -0.089761     1.110025    -0.371232
S     -1.661088     0.855681    -0.234730
S      0.945998     0.242389    -1.221328
O      0.471549    -1.066223    -1.688921
C      1.120375     1.250971    -2.808013
O      2.255840     0.302234    -0.600884
O     -2.373575     2.119126    -0.213661
O     -2.214899    -0.223897    -1.061480
F      2.010547     0.647657    -3.620031
F     -0.064615     1.332858    -3.445095
F      1.554624     2.493871    -2.532378
C     -1.798737     0.199391     1.530839
F     -3.096789    -0.030485     1.811476
F     -1.115364    -0.955030     1.659830
F     -1.314467     1.094603     2.409761
