Li    -1.353074    -1.967154    -1.724248
N     -0.089928     1.110357    -0.371406
S     -1.661214     0.855872    -0.234637
S      0.945857     0.242534    -1.221305
O      0.471412    -1.066101    -1.688770
C      1.120434     1.250940    -2.808077
O      2.255662     0.302440    -0.600757
O     -2.373667     2.119341    -0.213063
O     -2.215201    -0.223452    -1.061570
F      2.010688     0.647508    -3.619920
F     -0.064465     1.332815    -3.445310
F      1.554712     2.493863    -2.532527
C     -1.798519     0.199105     1.530780
F     -3.096503    -0.030940     1.811592
F     -1.115019    -0.955274     1.659357
F     -1.314173     1.094146     2.409859
