Li    -1.350987    -1.967159    -1.724085
N     -0.089320     1.108937    -0.370546
S     -1.660760     0.854894    -0.235128
S      0.946527     0.242117    -1.221283
O      0.472217    -1.066389    -1.689533
C      1.120361     1.251533    -2.807510
O      2.256414     0.301783    -0.601015
O     -2.373486     2.118183    -0.215575
O     -2.213808    -0.225416    -1.061543
F      2.010514     0.648891    -3.620037
F     -0.064824     1.333359    -3.444294
F      1.554261     2.494390    -2.531325
C     -1.799678     0.199808     1.530791
F     -3.097951    -0.029805     1.810622
F     -1.116526    -0.954637     1.661018
F     -1.315954     1.095510     2.409441
