Li    -1.389844    -1.849626    -1.915798
N     -0.196990     1.056668    -0.480183
S     -1.735660     0.743972    -0.227613
S      0.869373     0.196435    -1.287884
O      0.353242    -1.045517    -1.897676
C      1.200605     1.298516    -2.782886
O      2.130417     0.113918    -0.584706
O     -2.537244     1.943712    -0.321920
O     -2.257316    -0.471940    -0.884972
F      2.105620     0.693372    -3.576345
F      0.064136     1.485781    -3.485162
F      1.680488     2.489101    -2.396339
C     -1.744723     0.278692     1.601177
F     -3.011035     0.021303     1.981002
F     -0.997952    -0.827890     1.802032
F     -1.256117     1.279499     2.347270
