Li    -1.343217    -1.962185    -1.723443
N     -0.084702     1.101438    -0.365910
S     -1.656930     0.851503    -0.234942
S      0.948665     0.239109    -1.223420
O      0.471561    -1.067690    -1.695779
C      1.117046     1.254311    -2.806637
O      2.260182     0.294295    -0.607206
O     -2.369875     2.114285    -0.223330
O     -2.207554    -0.232688    -1.059018
F      2.002951     0.654040    -3.625441
F     -0.071196     1.339004    -3.437857
F      1.552641     2.495465    -2.527515
C     -1.801692     0.202693     1.532851
F     -3.101236    -0.022570     1.810184
F     -1.122492    -0.953988     1.667791
F     -1.317150     1.098977     2.409669
