Li    -1.331605    -1.957295    -1.720589
N     -0.082864     1.095598    -0.363429
S     -1.654971     0.845735    -0.237106
S      0.950899     0.237477    -1.223823
O      0.472521    -1.068967    -1.699051
C      1.115323     1.256192    -2.805320
O      2.262716     0.289745    -0.609490
O     -2.372973     2.104951    -0.239343
O     -2.198585    -0.247848    -1.055096
F      1.999441     0.658450    -3.627767
F     -0.075022     1.340570    -3.433340
F      1.549847     2.496652    -2.524333
C     -1.804697     0.208711     1.534542
F     -3.104283    -0.021288     1.807505
F     -1.120932    -0.944730     1.679456
F     -1.327813     1.112046     2.407183
