Li    -1.346886    -1.962695    -1.723709
N     -0.085308     1.103023    -0.367134
S     -1.657498     0.853272    -0.234410
S      0.947687     0.238921    -1.223470
O      0.470047    -1.067807    -1.694904
C      1.117716     1.252768    -2.807348
O      2.259063     0.294011    -0.606694
O     -2.369294     2.116805    -0.220176
O     -2.210038    -0.229309    -1.059036
F      2.003614     0.651065    -3.625130
F     -0.069992     1.338134    -3.439342
F      1.554377     2.493830    -2.528980
C     -1.800496     0.202625     1.532843
F     -3.099880    -0.021638     1.811760
F     -1.122139    -0.954687     1.665711
F     -1.313973     1.097681     2.410018
