Li    -1.343591    -1.961930    -1.723506
N     -0.084590     1.101154    -0.365932
S     -1.656887     0.851675    -0.235014
S      0.948563     0.238634    -1.223477
O      0.470997    -1.067921    -1.696092
C      1.117387     1.254003    -2.806539
O      2.260050     0.293206    -0.607176
O     -2.369560     2.114601    -0.223717
O     -2.207728    -0.232592    -1.058885
F      2.003021     0.653463    -3.625439
F     -0.070826     1.339296    -3.437743
F      1.553513     2.494915    -2.527229
C     -1.801853     0.203237     1.532898
F     -3.101474    -0.021451     1.810323
F     -1.123133    -0.953728     1.667977
F     -1.316890     1.099435     2.409548
