Li    -1.423324    -1.837232    -2.050117
N     -0.150884     1.123749    -0.422143
S     -1.700844     0.809372    -0.220462
S      0.915010     0.239304    -1.213665
O      0.442650    -1.067186    -1.693466
C      1.154817     1.239305    -2.796916
O      2.201394     0.283954    -0.547486
O     -2.470720     2.037214    -0.240784
O     -2.231075    -0.337978    -0.971062
F      2.072122     0.624682    -3.569851
F     -0.005304     1.318729    -3.481189
F      1.582124     2.481495    -2.515971
C     -1.759853     0.231623     1.575545
F     -3.035936    -0.051697     1.904080
F     -1.013238    -0.879642     1.736534
F     -1.299938     1.190307     2.396951
