Li    -1.347370    -1.964489    -1.723806
N     -0.086543     1.104689    -0.367959
S     -1.658504     0.853383    -0.234811
S      0.947593     0.240140    -1.222667
O      0.471435    -1.067264    -1.693220
C      1.118483     1.252823    -2.807181
O      2.258488     0.297063    -0.604788
O     -2.370819     2.116719    -0.219204
O     -2.210780    -0.228638    -1.060068
F      2.006045     0.651310    -3.623316
F     -0.068429     1.336619    -3.440753
F      1.553702     2.494618    -2.529337
C     -1.800611     0.201492     1.532052
F     -3.099682    -0.024821     1.810818
F     -1.120436    -0.954678     1.664494
F     -1.315571     1.097033     2.409745
