Li    -1.342110    -1.959331    -1.723839
N     -0.083478     1.099202    -0.364722
S     -1.655964     0.850988    -0.234892
S      0.948864     0.237745    -1.224057
O      0.469885    -1.067975    -1.698322
C      1.116984     1.255053    -2.805977
O      2.260662     0.290107    -0.608595
O     -2.368666     2.113728    -0.225370
O     -2.206272    -0.234148    -1.058392
F      2.001196     0.654872    -3.626644
F     -0.071953     1.341939    -3.435779
F      1.554217     2.495139    -2.525459
C     -1.802362     0.203543     1.533268
F     -3.102291    -0.019932     1.810149
F     -1.124869    -0.954258     1.668878
F     -1.316841     1.099327     2.409752
