Li    -1.339788    -1.959062    -1.723241
N     -0.083126     1.098412    -0.364206
S     -1.655563     0.849889    -0.235115
S      0.949403     0.237875    -1.224140
O      0.470730    -1.068072    -1.698499
C      1.116141     1.255561    -2.805983
O      2.261370     0.290527    -0.609257
O     -2.369228     2.112008    -0.227553
O     -2.204618    -0.236647    -1.057823
F      2.000203     0.656065    -3.627295
F     -0.073270     1.341782    -3.435076
F      1.552710     2.495795    -2.525445
C     -1.802645     0.204124     1.533606
F     -3.102556    -0.020365     1.809726
F     -1.124193    -0.953009     1.670795
F     -1.318569     1.101116     2.409504
