Li    -1.338369    -1.956340    -1.723917
N     -0.082595     1.096400    -0.363291
S     -1.655205     0.849048    -0.235798
S      0.949630     0.236699    -1.224153
O      0.469410    -1.068154    -1.700817
C      1.117380     1.256553    -2.804514
O      2.261386     0.286480    -0.608994
O     -2.369155     2.110808    -0.230908
O     -2.203242    -0.238869    -1.057844
F      2.000600     0.657307    -3.626887
F     -0.072157     1.344786    -3.433276
F      1.555133     2.495770    -2.522146
C     -1.804279     0.204957     1.533359
F     -3.104500    -0.019008     1.808364
F     -1.126423    -0.952578     1.671857
F     -1.320613     1.102139     2.408963
