Li    -1.348926    -1.965200    -1.724033
N     -0.087408     1.106122    -0.368805
S     -1.659221     0.854069    -0.234784
S      0.947154     0.240736    -1.222286
O      0.471453    -1.066943    -1.692138
C      1.119110     1.252396    -2.807318
O      2.257747     0.298390    -0.603647
O     -2.371458     2.117516    -0.217495
O     -2.212014    -0.227100    -1.060607
F      2.007431     0.650422    -3.622310
F     -0.067229     1.335742    -3.441924
F      1.554080     2.494474    -2.529977
C     -1.800184     0.200756     1.531642
F     -3.099015    -0.026315     1.810919
F     -1.119349    -0.955075     1.662977
F     -1.315170     1.096008     2.409786
