Li    -1.350590    -1.965555    -1.724152
N     -0.088007     1.107330    -0.369545
S     -1.659707     0.854841    -0.234600
S      0.946697     0.241091    -1.222098
O      0.471127    -1.066785    -1.691228
C      1.119457     1.251785    -2.807642
O      2.257127     0.299195    -0.603017
O     -2.371736     2.118450    -0.215818
O     -2.213151    -0.225563    -1.060835
F      2.008124     0.649190    -3.621817
F     -0.066503     1.334984    -3.442889
F      1.554544     2.494009    -2.530853
C     -1.799561     0.200327     1.531465
F     -3.098192    -0.027120     1.811384
F     -1.118398    -0.955376     1.661711
F     -1.314230     1.095195     2.409931
