Li    -1.346051    -1.963891    -1.723727
N     -0.086055     1.103943    -0.367322
S     -1.658061     0.852795    -0.234726
S      0.947937     0.240156    -1.222890
O      0.471743    -1.067186    -1.693838
C      1.117811     1.253505    -2.807101
O      2.259050     0.296906    -0.605582
O     -2.370654     2.115927    -0.219877
O     -2.209830    -0.229663    -1.059885
F      2.005030     0.652510    -3.623984
F     -0.069511     1.337240    -3.439978
F      1.552854     2.495249    -2.528988
C     -1.800745     0.201343     1.532258
F     -3.099911    -0.024850     1.810653
F     -1.120729    -0.954932     1.665101
F     -1.315875     1.096946     2.409885
