Li    -1.347328    -1.965370    -1.723346
N     -0.087065     1.105940    -0.368444
S     -1.658795     0.853399    -0.234512
S      0.947544     0.241252    -1.222551
O      0.472407    -1.066876    -1.691868
C      1.117634     1.252763    -2.807895
O      2.258487     0.299864    -0.604810
O     -2.371696     2.116448    -0.217851
O     -2.210941    -0.228402    -1.060009
F      2.005810     0.651341    -3.623443
F     -0.069259     1.335061    -3.441644
F      1.551813     2.495206    -2.531071
C     -1.799669     0.200676     1.532144
F     -3.098424    -0.026990     1.811289
F     -1.118271    -0.954788     1.664001
F     -1.315247     1.096473     2.410009
