Li    -1.351697    -1.967946    -1.723676
N     -0.089985     1.110172    -0.371340
S     -1.661232     0.855237    -0.235062
S      0.946253     0.242720    -1.221059
O      0.472498    -1.066288    -1.688219
C      1.120272     1.250867    -2.808063
O      2.256012     0.303457    -0.600514
O     -2.374283     2.118381    -0.214753
O     -2.214402    -0.224960    -1.061419
F      2.010914     0.647807    -3.619755
F     -0.064675     1.331855    -3.445340
F      1.553758     2.494118    -2.532787
C     -1.798984     0.199760     1.530802
F     -3.096962    -0.030954     1.811110
F     -1.114775    -0.954057     1.660670
F     -1.315710     1.095830     2.409403
