Li    -1.337542    -1.951169    -1.724007
N     -0.080937     1.094973    -0.362090
S     -1.653507     0.848671    -0.234015
S      0.949439     0.236380    -1.225917
O      0.466730    -1.067668    -1.703468
C      1.114379     1.257792    -2.805604
O      2.262243     0.283474    -0.613395
O     -2.367932     2.109861    -0.229729
O     -2.201525    -0.240109    -1.055636
F      1.994374     0.658239    -3.631157
F     -0.076984     1.348016    -3.430899
F      1.554304     2.495927    -2.523021
C     -1.802001     0.204354     1.535108
F     -3.102250    -0.017817     1.811261
F     -1.125991    -0.954768     1.671983
F     -1.315799     1.099843     2.410586
