Li    -1.346573    -1.844525    -1.936768
N     -0.125308     1.191386    -0.387834
S     -1.684085     0.882172    -0.222567
S      0.938059     0.290508    -1.165687
O      0.482842    -1.051866    -1.553091
C      1.117450     1.198203    -2.812254
O      2.238594     0.400565    -0.535880
O     -2.427552     2.124778    -0.158812
O     -2.224722    -0.193262    -1.066536
F      1.999685     0.536633    -3.587100
F     -0.069496     1.247192    -3.451572
F      1.560786     2.451447    -2.617362
C     -1.773333     0.175922     1.527328
F     -3.061515    -0.066803     1.839752
F     -1.083488    -0.981240     1.601487
F     -1.264342     1.044888     2.416894
