Li    -1.340882    -1.960839    -1.723250
N     -0.083896     1.099683    -0.364921
S     -1.656241     0.850390    -0.235253
S      0.949219     0.238492    -1.223675
O      0.471530    -1.067922    -1.697168
C      1.116678     1.255111    -2.806109
O      2.260918     0.292532    -0.608062
O     -2.369729     2.112734    -0.226208
O     -2.205727    -0.235273    -1.058505
F      2.001824     0.655487    -3.626181
F     -0.072138     1.340383    -3.436322
F      1.552484     2.495861    -2.526132
C     -1.802540     0.203551     1.533139
F     -3.102298    -0.021588     1.809515
F     -1.123467    -0.953153     1.669737
F     -1.318734     1.100549     2.409393
