Li    -1.346379    -1.962569    -1.723591
N     -0.085161     1.102757    -0.366968
S     -1.657367     0.853061    -0.234471
S      0.947831     0.238863    -1.223488
O      0.470209    -1.067891    -1.694969
C      1.117562     1.252828    -2.807328
O      2.259258     0.293950    -0.606865
O     -2.369295     2.116500    -0.220727
O     -2.209662    -0.229816    -1.058930
F      2.003349     0.651243    -3.625314
F     -0.070274     1.338146    -3.439112
F      1.554172     2.493879    -2.528928
C     -1.800634     0.202834     1.532919
F     -3.100055    -0.021422     1.811657
F     -1.122270    -0.954447     1.666155
F     -1.314283     1.098082     2.409959
