Li    -1.351362    -1.965966    -1.724069
N     -0.088286     1.107673    -0.370015
S     -1.659969     0.855182    -0.234718
S      0.946457     0.240888    -1.221992
O      0.470784    -1.066991    -1.690880
C      1.119918     1.251122    -2.807744
O      2.256745     0.298957    -0.602551
O     -2.371835     2.118909    -0.215852
O     -2.213713    -0.225197    -1.060722
F      2.008693     0.648094    -3.621484
F     -0.065814     1.334466    -3.443378
F      1.555250     2.493331    -2.531166
C     -1.799496     0.200885     1.531450
F     -3.098067    -0.026589     1.811632
F     -1.118218    -0.954717     1.661772
F     -1.314085     1.095951     2.409716
