Li    -1.346993    -1.964257    -1.723794
N     -0.086365     1.104332    -0.367774
S     -1.658359     0.853200    -0.234824
S      0.947676     0.239993    -1.222762
O      0.471389    -1.067319    -1.693545
C      1.118374     1.252960    -2.807118
O      2.258626     0.296676    -0.605025
O     -2.370706     2.116502    -0.219621
O     -2.210507    -0.229029    -1.059948
F      2.005765     0.651559    -3.623524
F     -0.068657     1.336899    -3.440475
F      1.553669     2.494671    -2.529115
C     -1.800718     0.201650     1.532148
F     -3.099842    -0.024458     1.810819
F     -1.120721    -0.954621     1.664832
F     -1.315631     1.097239     2.409725
