Li    -1.339664    -1.960142    -1.722465
N     -0.083319     1.098671    -0.364690
S     -1.655685     0.849841    -0.235309
S      0.949413     0.237791    -1.224059
O      0.471126    -1.068562    -1.697582
C      1.115941     1.254578    -2.806501
O      2.261370     0.291242    -0.609175
O     -2.369591     2.111852    -0.228520
O     -2.204612    -0.237322    -1.057213
F      2.000186     0.654825    -3.627433
F     -0.073453     1.340167    -3.435678
F      1.552225     2.495100    -2.526677
C     -1.802443     0.205371     1.533911
F     -3.102243    -0.019617     1.810186
F     -1.123324    -0.951208     1.672114
F     -1.318926     1.103412     2.409091
