Li    -1.337586    -1.952112    -1.724019
N     -0.082056     1.093930    -0.363036
S     -1.654792     0.848350    -0.236619
S      0.949336     0.234292    -1.224496
O      0.465982    -1.069019    -1.703603
C      1.119056     1.256023    -2.803455
O      2.260806     0.279393    -0.609056
O     -2.369299     2.109455    -0.236608
O     -2.201772    -0.242618    -1.056145
F      2.000128     0.655653    -3.627261
F     -0.070808     1.347924    -3.431373
F      1.559869     2.493477    -2.519436
C     -1.805564     0.208490     1.533910
F     -3.106032    -0.014304     1.808518
F     -1.128604    -0.949615     1.674850
F     -1.321664     1.106679     2.407830
