Li    -1.352373    -1.965301    -1.724628
N     -0.088328     1.107955    -0.370031
S     -1.660017     0.855644    -0.234368
S      0.946166     0.240966    -1.222123
O      0.470094    -1.066654    -1.691277
C      1.120056     1.251441    -2.807669
O      2.256458     0.298510    -0.602619
O     -2.371494     2.119581    -0.214227
O     -2.214338    -0.223902    -1.061050
F      2.008667     0.648234    -3.621458
F     -0.065595     1.335339    -3.443361
F      1.555837     2.493446    -2.530839
C     -1.799142     0.199941     1.531306
F     -3.097695    -0.027218     1.811821
F     -1.118288    -0.956051     1.660373
F     -1.313007     1.094066     2.410147
