Li    -1.369890    -1.833467    -1.905168
N     -0.206466     1.063132    -0.487006
S     -1.742199     0.740937    -0.231766
S      0.870778     0.204573    -1.281436
O      0.363359    -1.044261    -1.887975
C      1.203511     1.298440    -2.782131
O      2.127350     0.129933    -0.570886
O     -2.553086     1.933242    -0.328949
O     -2.255174    -0.481090    -0.888040
F      2.116315     0.693329    -3.566203
F      0.069145     1.472684    -3.491544
F      1.673034     2.494355    -2.401184
C     -1.748158     0.274858     1.596894
F     -3.012340     0.009098     1.977028
F     -0.994166    -0.827592     1.795667
F     -1.265011     1.277827     2.342699
