Li    -1.407455    -1.795879    -2.033165
N     -0.149981     1.109728    -0.423017
S     -1.700461     0.804995    -0.219715
S      0.914751     0.230948    -1.219542
O      0.435508    -1.070605    -1.714031
C      1.156363     1.241293    -2.795917
O      2.200007     0.259105    -0.553481
O     -2.470385     2.030919    -0.252530
O     -2.232244    -0.349618    -0.963068
F      2.073295     0.631413    -3.572456
F     -0.005034     1.322481    -3.479740
F      1.581338     2.481053    -2.507385
C     -1.761988     0.235700     1.578810
F     -3.038576    -0.044768     1.906711
F     -1.017317    -0.876971     1.743206
F     -1.300821     1.196204     2.395319
