Li    -1.422747    -1.834866    -2.049364
N     -0.150879     1.122325    -0.422281
S     -1.700823     0.808506    -0.220489
S      0.915061     0.238536    -1.214289
O      0.442423    -1.067504    -1.695533
C      1.155033     1.239801    -2.796712
O      2.201309     0.282030    -0.547966
O     -2.470927     2.036083    -0.242269
O     -2.230948    -0.339766    -0.970060
F      2.072598     0.625962    -3.569934
F     -0.005069     1.319287    -3.481131
F      1.581848     2.481849    -2.514809
C     -1.760043     0.232197     1.575956
F     -3.036119    -0.051220     1.904405
F     -1.013197    -0.878813     1.737859
F     -1.300520     1.191591     2.396616
