Li    -1.347995    -1.964810    -1.723849
N     -0.086893     1.105286    -0.368323
S     -1.658793     0.853670    -0.234797
S      0.947416     0.240380    -1.222512
O      0.471463    -1.067161    -1.692721
C      1.118706     1.252586    -2.807279
O      2.258196     0.297647    -0.604342
O     -2.371076     2.117055    -0.218531
O     -2.211287    -0.228023    -1.060251
F      2.006574     0.650862    -3.622938
F     -0.067980     1.336164    -3.441261
F      1.553817     2.494514    -2.529697
C     -1.800414     0.201253     1.531910
F     -3.099387    -0.025341     1.810909
F     -1.119984    -0.954783     1.663928
F     -1.315361     1.096697     2.409754
