Li    -1.379611    -1.886117    -1.929250
N     -0.177298     1.033343    -0.458152
S     -1.722811     0.731267    -0.230396
S      0.882826     0.188708    -1.290321
O      0.372292    -1.051761    -1.903744
C      1.190813     1.308365    -2.777337
O      2.152948     0.115056    -0.600717
O     -2.516895     1.935611    -0.345157
O     -2.240888    -0.485901    -0.883449
F      2.097289     0.722585    -3.583909
F      0.047542     1.490671    -3.469562
F      1.660318     2.501263    -2.382437
C     -1.758896     0.286983     1.603026
F     -3.031063     0.029739     1.964368
F     -1.012075    -0.813269     1.831157
F     -1.287489     1.299456     2.345880
