Li    -1.347461    -1.965153    -1.723473
N     -0.086983     1.105799    -0.368376
S     -1.658747     0.853460    -0.234494
S      0.947516     0.241107    -1.222595
O      0.472180    -1.066890    -1.692106
C      1.117738     1.252804    -2.807805
O      2.258462     0.299422    -0.604851
O     -2.371509     2.116580    -0.217811
O     -2.210996    -0.228263    -1.060041
F      2.005791     0.651343    -3.623457
F     -0.069162     1.335374    -3.441512
F      1.552122     2.495133    -2.530825
C     -1.799734     0.200671     1.532129
F     -3.098530    -0.026748     1.811274
F     -1.118574    -0.954949     1.663902
F     -1.315114     1.096307     2.410041
