Li    -1.346889    -1.965362    -1.723254
N     -0.086955     1.105729    -0.368297
S     -1.658695     0.853202    -0.234564
S      0.947669     0.241240    -1.222566
O      0.472586    -1.066906    -1.691952
C      1.117504     1.252881    -2.807858
O      2.258649     0.299884    -0.604937
O     -2.371705     2.116182    -0.218257
O     -2.210641    -0.228807    -1.059951
F      2.005640     0.651606    -3.623554
F     -0.069479     1.335097    -3.441465
F      1.551578     2.495337    -2.530988
C     -1.799789     0.200770     1.532183
F     -3.098572    -0.026942     1.811160
F     -1.118343    -0.954642     1.664330
F     -1.315556     1.096728     2.409969
