Li    -1.346602    -1.962677    -1.723635
N     -0.085230     1.102865    -0.367044
S     -1.657428     0.853143    -0.234449
S      0.947767     0.238881    -1.223488
O      0.470140    -1.067855    -1.694963
C      1.117635     1.252809    -2.807336
O      2.259167     0.293971    -0.606787
O     -2.369297     2.116626    -0.220499
O     -2.209835    -0.229608    -1.058970
F      2.003473     0.651182    -3.625234
F     -0.070144     1.338152    -3.439214
F      1.554264     2.493864    -2.528938
C     -1.800575     0.202754     1.532889
F     -3.099976    -0.021519     1.811708
F     -1.122197    -0.954529     1.665983
F     -1.314163     1.097938     2.409977
