Li    -1.376698    -1.898773    -1.934459
N     -0.168032     1.022510    -0.448153
S     -1.716968     0.727536    -0.232163
S      0.888792     0.183995    -1.290736
O      0.379430    -1.055187    -1.906323
C      1.188388     1.311142    -2.773883
O      2.162358     0.112489    -0.606577
O     -2.505845     1.934958    -0.355708
O     -2.234961    -0.489155    -0.884427
F      2.095683     0.733408    -3.585409
F      0.042779     1.491872    -3.462576
F      1.653681     2.504652    -2.374782
C     -1.766586     0.291147     1.602776
F     -3.041801     0.035687     1.955061
F     -1.021796    -0.807656     1.842364
F     -1.301422     1.307374     2.344994
