Li    -1.352068    -1.966845    -1.724137
N     -0.089327     1.109330    -0.370814
S     -1.660746     0.855438    -0.234716
S      0.946187     0.242062    -1.221518
O      0.471487    -1.066374    -1.689496
C      1.120147     1.251178    -2.807916
O      2.256173     0.301501    -0.601407
O     -2.373133     2.118919    -0.214274
O     -2.214446    -0.224380    -1.061307
F      2.009976     0.648076    -3.620463
F     -0.065077     1.333358    -3.444555
F      1.554564     2.493926    -2.531985
C     -1.798966     0.199658     1.530999
F     -3.097170    -0.029614     1.811439
F     -1.116136    -0.955066     1.660370
F     -1.314464     1.094831     2.409779
