Li    -1.338134    -1.956095    -1.723338
N     -0.082291     1.096315    -0.363341
S     -1.654854     0.848985    -0.235440
S      0.949608     0.236606    -1.224543
O      0.469172    -1.068414    -1.700672
C      1.116375     1.256094    -2.805253
O      2.261658     0.286516    -0.610096
O     -2.369010     2.110597    -0.231056
O     -2.202893    -0.239448    -1.056891
F      1.998982     0.656619    -3.628108
F     -0.073613     1.344214    -3.433211
F      1.554351     2.495327    -2.523447
C     -1.803499     0.205647     1.534027
F     -3.103646    -0.018210     1.809456
F     -1.125635    -0.951884     1.672786
F     -1.319571     1.103129     2.409126
