Li    -1.340010    -1.958649    -1.723338
N     -0.083029     1.098061    -0.364180
S     -1.655519     0.849965    -0.235219
S      0.949329     0.237436    -1.224183
O      0.470193    -1.068248    -1.698898
C      1.116507     1.255400    -2.805803
O      2.261249     0.289410    -0.609195
O     -2.368996     2.112165    -0.228069
O     -2.204683    -0.236721    -1.057721
F      2.000315     0.655708    -3.627248
F     -0.072874     1.342232    -3.434877
F      1.553576     2.495373    -2.524982
C     -1.802872     0.204583     1.533617
F     -3.102865    -0.019437     1.809745
F     -1.124826    -0.952792     1.670977
F     -1.318496     1.101512     2.409373
