Li    -1.412453    -1.809936    -2.038488
N     -0.150336     1.112255    -0.422788
S     -1.700484     0.804119    -0.220199
S      0.915279     0.233120    -1.218597
O      0.439039    -1.069687    -1.710248
C      1.155847     1.242397    -2.795809
O      2.200773     0.266383    -0.552257
O     -2.471469     2.029901    -0.251594
O     -2.230677    -0.349956    -0.963963
F      2.074617     0.633544    -3.571169
F     -0.004790     1.321604    -3.480612
F      1.579014     2.483388    -2.508036
C     -1.761635     0.235114     1.578422
F     -3.037838    -0.048184     1.905816
F     -1.014383    -0.875404     1.744310
F     -1.303504     1.197340     2.395210
