Li    -1.352568    -1.967065    -1.724158
N     -0.089636     1.109843    -0.371127
S     -1.660993     0.855659    -0.234718
S      0.946034     0.242271    -1.221380
O      0.471480    -1.066281    -1.689074
C      1.120342     1.250976    -2.807996
O      2.255914     0.301971    -0.601018
O     -2.373414     2.119136    -0.213803
O     -2.214818    -0.223963    -1.061423
F      2.010404     0.647683    -3.620145
F     -0.064705     1.332979    -3.444965
F      1.554678     2.493824    -2.532291
C     -1.798795     0.199495     1.530884
F     -3.096896    -0.030150     1.811487
F     -1.115626    -0.955041     1.659950
F     -1.314401     1.094661     2.409776
