Li    -1.379764    -1.771797    -2.029851
N     -0.158459     1.114806    -0.426632
S     -1.706495     0.800298    -0.221142
S      0.914820     0.240089    -1.215139
O      0.442657    -1.066128    -1.707739
C      1.155409     1.244635    -2.795377
O      2.197248     0.274285    -0.545340
O     -2.484873     2.020185    -0.252870
O     -2.231342    -0.357856    -0.966367
F      2.076401     0.635350    -3.567231
F     -0.005619     1.316090    -3.481648
F      1.573092     2.487364    -2.511764
C     -1.762626     0.226395     1.576225
F     -3.037227    -0.059807     1.905966
F     -1.013295    -0.884164     1.735365
F     -1.302925     1.186254     2.393543
