Li    -1.352936    -1.967129    -1.724223
N     -0.089847     1.110195    -0.371336
S     -1.661155     0.855808    -0.234668
S      0.945901     0.242439    -1.221328
O      0.471408    -1.066161    -1.688875
C      1.120429     1.250934    -2.808050
O      2.255721     0.302259    -0.600822
O     -2.373595     2.119279    -0.213306
O     -2.215096    -0.223614    -1.061520
F      2.010625     0.647531    -3.619974
F     -0.064507     1.332863    -3.445217
F      1.554737     2.493830    -2.532451
C     -1.798605     0.199251     1.530816
F     -3.096627    -0.030657     1.811574
F     -1.115215    -0.955176     1.659564
F     -1.314235     1.094347     2.409817
