Li    -1.351665    -1.966488    -1.724189
N     -0.088997     1.108857    -0.370466
S     -1.660482     0.855288    -0.234659
S      0.946319     0.241874    -1.221670
O      0.471413    -1.066410    -1.689978
C      1.119952     1.251450    -2.807817
O      2.256417     0.300974    -0.601822
O     -2.372780     2.118796    -0.214523
O     -2.214118    -0.224616    -1.061240
F      2.009519     0.648543    -3.620788
F     -0.065460     1.333854    -3.444114
F      1.554476     2.494074    -2.531624
C     -1.799104     0.199659     1.531084
F     -3.097411    -0.029184     1.811380
F     -1.116691    -0.955329     1.660547
F     -1.314386     1.094657     2.409880
