Li    -1.346357    -1.962205    -1.723542
N     -0.084908     1.102459    -0.366847
S     -1.657139     0.853069    -0.234305
S      0.947803     0.238629    -1.223723
O      0.469835    -1.067988    -1.695338
C      1.117289     1.252807    -2.807458
O      2.259356     0.293332    -0.607389
O     -2.368960     2.116546    -0.220764
O     -2.209550    -0.229913    -1.058601
F      2.002699     0.651169    -3.625806
F     -0.070734     1.338442    -3.438864
F      1.554212     2.493715    -2.528992
C     -1.800452     0.203049     1.533151
F     -3.099917    -0.020779     1.812026
F     -1.122466    -0.954484     1.666367
F     -1.313709     1.098151     2.410085
