Li    -1.352644    -1.967074    -1.724178
N     -0.089676     1.109904    -0.371168
S     -1.661022     0.855686    -0.234704
S      0.946005     0.242299    -1.221378
O      0.471458    -1.066257    -1.689052
C      1.120354     1.250980    -2.808003
O      2.255875     0.302012    -0.600992
O     -2.373443     2.119164    -0.213692
O     -2.214873    -0.223891    -1.061443
F      2.010432     0.647666    -3.620123
F     -0.064676     1.332985    -3.445003
F      1.554697     2.493829    -2.532307
C     -1.798752     0.199440     1.530873
F     -3.096836    -0.030251     1.811514
F     -1.115547    -0.955081     1.659869
F     -1.314351     1.094586     2.409785
