Li    -1.375959    -1.872764    -1.922906
N     -0.188688     1.044702    -0.468822
S     -1.730292     0.732878    -0.230968
S      0.878225     0.195527    -1.287521
O      0.370189    -1.047919    -1.898857
C      1.195143     1.306976    -2.778752
O      2.143521     0.122689    -0.589886
O     -2.531903     1.932199    -0.339213
O     -2.245110    -0.486538    -0.884592
F      2.104450     0.714937    -3.577368
F      0.055370     1.486669    -3.477532
F      1.664335     2.500973    -2.388104
C     -1.754626     0.281763     1.601053
F     -3.023607     0.019941     1.969578
F     -1.003623    -0.818052     1.819397
F     -1.280424     1.292016     2.344493
