Li    -1.353163    -1.967225    -1.724242
N     -0.090005     1.110452    -0.371485
S     -1.661278     0.855905    -0.234666
S      0.945826     0.242558    -1.221264
O      0.471411    -1.066100    -1.688673
C      1.120516     1.250872    -2.808080
O      2.255597     0.302509    -0.600638
O     -2.373751     2.119367    -0.213054
O     -2.215271    -0.223417    -1.061588
F      2.010842     0.647397    -3.619813
F     -0.064327     1.332708    -3.445415
F      1.554770     2.493817    -2.532568
C     -1.798518     0.199131     1.530751
F     -3.096487    -0.030986     1.811585
F     -1.114947    -0.955200     1.659327
F     -1.314215     1.094210     2.409823
