Li    -1.423560    -1.839565    -2.050809
N     -0.150974     1.125288    -0.422048
S     -1.700907     0.810300    -0.220476
S      0.914936     0.240154    -1.212940
O      0.442846    -1.066819    -1.691208
C      1.154603     1.238757    -2.797102
O      2.201417     0.285970    -0.546854
O     -2.470623     2.038361    -0.239280
O     -2.231161    -0.336112    -0.972184
F      2.071610     0.623245    -3.569722
F     -0.005538     1.318106    -3.481206
F      1.582470     2.481091    -2.517228
C     -1.759686     0.231026     1.575059
F     -3.035773    -0.052239     1.903707
F     -1.013294    -0.880515     1.735054
F     -1.299365     1.188950     2.397237
