Li    -1.415018    -1.814830    -2.040794
N     -0.150297     1.113512    -0.422651
S     -1.700424     0.804494    -0.220275
S      0.915316     0.233743    -1.218102
O      0.439738    -1.069458    -1.708352
C      1.155797     1.242211    -2.795847
O      2.200957     0.268653    -0.551736
O     -2.471279     2.030588    -0.250491
O     -2.230547    -0.348828    -0.964638
F      2.074610     0.632949    -3.570908
F     -0.004649     1.321476    -3.480735
F      1.579311     2.483392    -2.508623
C     -1.761423     0.234931     1.578179
F     -3.037604    -0.048612     1.905602
F     -1.013968    -0.875379     1.744028
F     -1.303520     1.197156     2.395344
