Li    -1.353252    -1.964355    -1.726073
N     -0.088462     1.107498    -0.369691
S     -1.660317     0.855890    -0.234736
S      0.946007     0.240540    -1.221828
O      0.469261    -1.066246    -1.692631
C      1.121833     1.252405    -2.806265
O      2.255902     0.296454    -0.601334
O     -2.371138     2.120180    -0.213881
O     -2.214939    -0.222768    -1.062388
F      2.010629     0.649308    -3.619936
F     -0.063259     1.337779    -3.442792
F      1.558318     2.493822    -2.527921
C     -1.800343     0.198881     1.530375
F     -3.099120    -0.027606     1.810391
F     -1.120327    -0.957707     1.658630
F     -1.313791     1.091922     2.410077
