Li    -1.347625    -1.964606    -1.723828
N     -0.086699     1.104947    -0.368118
S     -1.658631     0.853502    -0.234805
S      0.947518     0.240251    -1.222597
O      0.471458    -1.067216    -1.693002
C      1.118577     1.252724    -2.807222
O      2.258362     0.297328    -0.604589
O     -2.370937     2.116857    -0.218913
O     -2.211000    -0.228377    -1.060151
F      2.006270     0.651117    -3.623153
F     -0.068239     1.336422    -3.440971
F      1.553749     2.494578    -2.529499
C     -1.800527     0.201381     1.531991
F     -3.099557    -0.025032     1.810866
F     -1.120261    -0.954745     1.664240
F     -1.315458     1.096866     2.409750
