Li    -1.343362    -1.961232    -1.723773
N     -0.084365     1.100843    -0.365598
S     -1.656694     0.851574    -0.234874
S      0.948614     0.238625    -1.223615
O      0.470787    -1.067728    -1.696663
C      1.117244     1.254531    -2.806358
O      2.260180     0.292740    -0.607506
O     -2.369329     2.114487    -0.223478
O     -2.207494    -0.232578    -1.058995
F      2.002637     0.654183    -3.625655
F     -0.071110     1.340133    -3.437282
F      1.553524     2.495282    -2.526698
C     -1.801884     0.202755     1.532881
F     -3.101568    -0.021675     1.810208
F     -1.123497    -0.954478     1.667631
F     -1.316681     1.098536     2.409772
