Li    -1.408960    -1.804154    -2.035887
N     -0.150614     1.111220    -0.423062
S     -1.700733     0.803795    -0.220161
S      0.915200     0.232718    -1.218913
O      0.438377    -1.069840    -1.711797
C      1.155895     1.242424    -2.795829
O      2.200464     0.264432    -0.552509
O     -2.471997     2.029147    -0.252649
O     -2.230900    -0.351081    -0.963421
F      2.074511     0.633699    -3.571380
F     -0.004983     1.321481    -3.480503
F      1.578813     2.483239    -2.507818
C     -1.761860     0.235161     1.578580
F     -3.038063    -0.047746     1.906118
F     -1.014941    -0.875710     1.744235
F     -1.303209     1.197215     2.394995
