Li    -1.348984    -1.886686    -1.954426
N     -0.123071     1.205903    -0.384408
S     -1.683598     0.895829    -0.222127
S      0.937455     0.295887    -1.157806
O      0.484794    -1.049708    -1.528883
C      1.116547     1.189448    -2.812172
O      2.239766     0.417925    -0.530787
O     -2.419122     2.143746    -0.140917
O     -2.228098    -0.165025    -1.077534
F      2.001317     0.522982    -3.580118
F     -0.068234     1.234135    -3.453897
F      1.560046     2.445526    -2.626487
C     -1.774960     0.173686     1.521143
F     -3.063466    -0.075632     1.828193
F     -1.080945    -0.980333     1.589574
F     -1.272447     1.038316     2.420650
