Li    -1.347118    -1.964317    -1.723787
N     -0.086418     1.104463    -0.367829
S     -1.658400     0.853274    -0.234817
S      0.947657     0.240052    -1.222720
O      0.471423    -1.067302    -1.693403
C      1.118402     1.252903    -2.807145
O      2.258592     0.296836    -0.604944
O     -2.370730     2.116591    -0.219464
O     -2.210596    -0.228873    -1.060000
F      2.005845     0.651455    -3.623458
F     -0.068595     1.336784    -3.440563
F      1.553671     2.494648    -2.529216
C     -1.800686     0.201585     1.532107
F     -3.099795    -0.024589     1.810800
F     -1.120636    -0.954657     1.664699
F     -1.315615     1.097145     2.409739
