Li    -1.349154    -1.965016    -1.723717
N     -0.087073     1.105830    -0.368830
S     -1.658930     0.854240    -0.234583
S      0.947069     0.240264    -1.222598
O      0.470910    -1.067328    -1.692302
C      1.118725     1.251823    -2.807730
O      2.257849     0.297577    -0.604364
O     -2.370928     2.117810    -0.217699
O     -2.212029    -0.227151    -1.059952
F      2.006472     0.649516    -3.623092
F     -0.067874     1.335550    -3.441820
F      1.554230     2.493746    -2.530603
C     -1.799830     0.201591     1.532092
F     -3.098710    -0.024782     1.811711
F     -1.119528    -0.954547     1.663652
F     -1.314199     1.096874     2.409834
