Li    -1.342656    -1.961532    -1.723758
N     -0.084388     1.100979    -0.365362
S     -1.656661     0.851228    -0.234803
S      0.948874     0.239233    -1.223543
O      0.471723    -1.067415    -1.696405
C      1.116713     1.255128    -2.806374
O      2.260507     0.294173    -0.607620
O     -2.369629     2.113966    -0.223132
O     -2.207110    -0.232836    -1.059244
F      2.002447     0.655317    -3.625701
F     -0.071743     1.339906    -3.437208
F      1.552200     2.496203    -2.526843
C     -1.801802     0.201952     1.532782
F     -3.101423    -0.023162     1.809856
F     -1.122866    -0.954955     1.667412
F     -1.317184     1.097812     2.409941
