Li    -1.423402    -1.843860    -2.052189
N     -0.151196     1.128288    -0.421663
S     -1.701059     0.811735    -0.220402
S      0.914902     0.242232    -1.211592
O      0.443656    -1.065752    -1.687091
C      1.153901     1.238406    -2.797398
O      2.201614     0.290543    -0.545811
O     -2.470753     2.040011    -0.236138
O     -2.231071    -0.332899    -0.974450
F      2.070644     0.621719    -3.569436
F     -0.006337     1.317071    -3.481218
F      1.582167     2.481188    -2.519452
C     -1.759285     0.229095     1.574097
F     -3.035286    -0.054567     1.902798
F     -1.012939    -0.882732     1.731927
F     -1.298555     1.185521     2.398019
