Li    -1.351251    -1.966938    -1.723924
N     -0.089146     1.108994    -0.370570
S     -1.660581     0.855077    -0.234812
S      0.946429     0.242076    -1.221531
O      0.471918    -1.066448    -1.689542
C      1.119871     1.251342    -2.807897
O      2.256488     0.301711    -0.601634
O     -2.373178     2.118431    -0.215002
O     -2.213909    -0.225119    -1.061195
F      2.009715     0.648542    -3.620645
F     -0.065505     1.333220    -3.444321
F      1.553970     2.494180    -2.531954
C     -1.799166     0.199850     1.531084
F     -3.097415    -0.029496     1.811249
F     -1.116245    -0.954770     1.661000
F     -1.314994     1.095347     2.409692
