Li    -1.352714    -1.967080    -1.724184
N     -0.089707     1.109969    -0.371202
S     -1.661049     0.855719    -0.234697
S      0.945979     0.242321    -1.221369
O      0.471430    -1.066238    -1.689016
C      1.120376     1.250965    -2.808012
O      2.255841     0.302045    -0.600960
O     -2.373470     2.119198    -0.213612
O     -2.214924    -0.223825    -1.061458
F      2.010481     0.647632    -3.620088
F     -0.064632     1.332957    -3.445053
F      1.554713     2.493821    -2.532331
C     -1.798723     0.199405     1.530860
F     -3.096793    -0.030335     1.811524
F     -1.115476    -0.955095     1.659803
F     -1.314332     1.094540     2.409793
