Li    -1.351905    -1.965822    -1.724197
N     -0.088580     1.108592    -0.370236
S     -1.660115     0.855452    -0.234210
S      0.946234     0.241687    -1.222081
O      0.470850    -1.066428    -1.690469
C      1.119339     1.251500    -2.808138
O      2.256599     0.300348    -0.602795
O     -2.372134     2.119095    -0.213772
O     -2.214128    -0.224223    -1.060884
F      2.008291     0.648477    -3.621692
F     -0.066402     1.334336    -3.443785
F      1.554348     2.493936    -2.531951
C     -1.798582     0.199540     1.531441
F     -3.096937    -0.028602     1.812080
F     -1.116831    -0.955914     1.660413
F     -1.313047     1.094025     2.410276
