Li    -1.346850    -1.964141    -1.723772
N     -0.086269     1.104217    -0.367670
S     -1.658281     0.853158    -0.234822
S      0.947732     0.239959    -1.222776
O      0.471415    -1.067342    -1.693591
C      1.118307     1.252991    -2.807104
O      2.258717     0.296603    -0.605125
O     -2.370626     2.116455    -0.219745
O     -2.210382    -0.229121    -1.059934
F      2.005621     0.651618    -3.623614
F     -0.068783     1.336960    -3.440354
F      1.553628     2.494683    -2.529084
C     -1.800772     0.201682     1.532166
F     -3.099925    -0.024344     1.810769
F     -1.120856    -0.954637     1.664916
F     -1.315676     1.097258     2.409738
