Li    -1.346072    -1.963529    -1.723383
N     -0.085563     1.103087    -0.367247
S     -1.657702     0.852850    -0.234830
S      0.947923     0.239135    -1.223156
O      0.470934    -1.067912    -1.694331
C      1.117875     1.252678    -2.807239
O      2.259157     0.294964    -0.606124
O     -2.369958     2.116143    -0.221363
O     -2.209636    -0.230286    -1.059107
F      2.004296     0.651229    -3.624642
F     -0.069697     1.337322    -3.439578
F      1.553854     2.494031    -2.529047
C     -1.800932     0.203031     1.532712
F     -3.100262    -0.022083     1.811196
F     -1.121722    -0.953647     1.666545
F     -1.315495     1.098986     2.409592
