Li    -1.346523    -1.966978    -1.722586
N     -0.087431     1.105593    -0.368915
S     -1.659187     0.852943    -0.235651
S      0.947818     0.240618    -1.221939
O      0.473177    -1.067774    -1.690990
C      1.118766     1.251522    -2.807575
O      2.258369     0.299704    -0.603397
O     -2.372466     2.115820    -0.221458
O     -2.210551    -0.230313    -1.059740
F      2.007559     0.649938    -3.622332
F     -0.067733     1.333401    -3.442113
F      1.552577     2.494148    -2.530954
C     -1.800942     0.203120     1.532002
F     -3.099742    -0.025145     1.810470
F     -1.118674    -0.951499     1.666492
F     -1.318016     1.100898     2.408686
