Li    -1.350741    -1.966932    -1.723644
N     -0.088918     1.108771    -0.370417
S     -1.660355     0.854879    -0.234713
S      0.946557     0.242061    -1.221689
O      0.472082    -1.066551    -1.689569
C      1.119361     1.251330    -2.808129
O      2.256769     0.301845    -0.602163
O     -2.373080     2.118151    -0.215303
O     -2.213534    -0.225606    -1.060856
F      2.008988     0.648637    -3.621187
F     -0.066260     1.333041    -3.444140
F      1.553382     2.494212    -2.532337
C     -1.799009     0.200094     1.531343
F     -3.097271    -0.029168     1.811506
F     -1.116128    -0.954534     1.661555
F     -1.314843     1.095769     2.409742
