Li    -1.351056    -1.966844    -1.723699
N     -0.088961     1.108941    -0.370497
S     -1.660382     0.855031    -0.234595
S      0.946458     0.242115    -1.221729
O      0.471918    -1.066487    -1.689536
C      1.119323     1.251296    -2.808215
O      2.256682     0.301877    -0.602212
O     -2.373037     2.118345    -0.214834
O     -2.213729    -0.225263    -1.060861
F      2.008914     0.648500    -3.621239
F     -0.066285     1.333064    -3.444235
F      1.553438     2.494166    -2.532488
C     -1.798810     0.199922     1.531357
F     -3.097042    -0.029312     1.811681
F     -1.115972    -0.954763     1.661246
F     -1.314457     1.095410     2.409855
