Li    -1.424607    -1.845542    -2.051920
N     -0.150586     1.129382    -0.421305
S     -1.700707     0.813426    -0.220427
S      0.914945     0.242239    -1.210925
O      0.443302    -1.066026    -1.684903
C      1.153901     1.236974    -2.797653
O      2.201896     0.291085    -0.545506
O     -2.469392     2.042423    -0.234884
O     -2.231442    -0.329952    -0.975631
F      2.070131     0.619219    -3.569468
F     -0.006432     1.315805    -3.481199
F      1.582982     2.479796    -2.520801
C     -1.759428     0.229300     1.573587
F     -3.035645    -0.053699     1.902053
F     -1.013876    -0.883164     1.730587
F     -1.298042     1.184732     2.398394
