Li    -1.353168    -1.967186    -1.724247
N     -0.089956     1.110385    -0.371451
S     -1.661242     0.855909    -0.234654
S      0.945832     0.242507    -1.221291
O      0.471366    -1.066122    -1.688738
C      1.120499     1.250877    -2.808075
O      2.255621     0.302394    -0.600700
O     -2.373675     2.119392    -0.213075
O     -2.215259    -0.223410    -1.061569
F      2.010768     0.647401    -3.619870
F     -0.064370     1.332777    -3.445359
F      1.554805     2.493793    -2.532533
C     -1.798524     0.199160     1.530770
F     -3.096507    -0.030870     1.811607
F     -1.115031    -0.955219     1.659351
F     -1.314159     1.094211     2.409833
