Li    -1.352148    -1.966861    -1.724149
N     -0.089352     1.109392    -0.370844
S     -1.660766     0.855474    -0.234708
S      0.946166     0.242081    -1.221510
O      0.471466    -1.066361    -1.689460
C      1.120168     1.251161    -2.807925
O      2.256145     0.301532    -0.601377
O     -2.373146     2.118961    -0.214189
O     -2.214491    -0.224305    -1.061325
F      2.010014     0.648040    -3.620436
F     -0.065040     1.333334    -3.444595
F      1.554583     2.493915    -2.532009
C     -1.798942     0.199623     1.530986
F     -3.097134    -0.029677     1.811446
F     -1.116087    -0.955089     1.660303
F     -1.314435     1.094778     2.409791
