Li    -1.352362    -1.966963    -1.724155
N     -0.089504     1.109609    -0.371003
S     -1.660887     0.855562    -0.234724
S      0.946104     0.242167    -1.221442
O      0.471494    -1.066335    -1.689263
C      1.120240     1.251087    -2.807949
O      2.256026     0.301748    -0.601182
O     -2.373281     2.119045    -0.214001
O     -2.214669    -0.224131    -1.061391
F      2.010161     0.647895    -3.620330
F     -0.064903     1.333206    -3.444723
F      1.554647     2.493869    -2.532109
C     -1.798849     0.199547     1.530925
F     -3.096996    -0.029910     1.811495
F     -1.115855    -0.955089     1.660086
F     -1.314365     1.094692     2.409765
