Li    -1.346616    -1.962276    -1.723617
N     -0.084995     1.102596    -0.366928
S     -1.657224     0.853173    -0.234305
S      0.947740     0.238660    -1.223683
O      0.469778    -1.067945    -1.695284
C      1.117430     1.252774    -2.807433
O      2.259251     0.293369    -0.607234
O     -2.368978     2.116696    -0.220523
O     -2.209735    -0.229655    -1.058708
F      2.002901     0.651058    -3.625660
F     -0.070511     1.338460    -3.438973
F      1.554401     2.493677    -2.528974
C     -1.800443     0.202942     1.533081
F     -3.099893    -0.020927     1.811998
F     -1.122428    -0.954579     1.666152
F     -1.313677     1.097975     2.410092
